324.7500
239.1250
112.7500
155.7500
255.6250
235.5000
230.5000
227.7500
219.2500
276.2500
202.6250
148.3750
225.8750
252.3750
348.5000
257.5000
339.5000
410.0000
357.5000
257.5000
292.0000
317.5000
319.5000
321.5000
332.0000
326.0000
320.0000
318.7500
319.7500
314.0000
324.5000
344.5000
385.2500
592.5000
694.5000
696.0000
691.0000
691.0000
669.0000
534.5000
389.2500
359.2500
351.5000
355.5000
332.7500
289.2500
278.0000
257.7500
272.5000
300.7500
317.5000
326.5000
324.7500
328.0000
329.5000
335.5000
339.0000
346.0000
341.2500
329.0000
323.2500
365.7500
506.2500
517.5000
293.7500
348.5000
123.3750
118.5625
226.5000
229.5000
236.7500
232.6250
222.1250
234.1250
275.2500
126.2500
218.5000
243.6250
324.2500
311.2500
275.2500
423.2500
382.7500
370.0000
381.2500
369.7500
357.5000
347.5000
341.0000
337.7500
337.5000
337.5000
336.5000
328.5000
332.5000
347.2500
401.2500
598.5000
683.0000
691.5000
688.0000
607.0000
462.7500
389.0000
324.5000
335.2500
320.7500
345.0000
313.7500
270.2500
250.8750
234.2500
239.6250
264.5000
312.5000
315.2500
312.7500
314.2500
315.5000
318.5000
317.7500
327.7500
333.2500
326.0000
319.7500
336.0000
424.0000
502.7500
275.5000
333.0000
211.5000
114.1250
165.2500
230.2500
237.7500
236.8750
231.5000
231.1250
297.7500
149.2500
188.3750
239.3750
291.0000
346.7500
229.6250
420.7500
391.2500
399.5000
414.0000
389.5000
368.5000
355.5000
343.5000
362.0000
359.0000
359.5000
352.7500
343.2500
336.2500
348.5000
390.7500
483.5000
667.0000
643.0000
505.7500
416.7500
330.2500
296.0000
275.7500
264.2500
287.7500
331.2500
300.5000
224.8750
214.0000
215.8750
221.2500
241.6250
296.2500
302.7500
301.2500
302.7500
301.0000
302.0000
303.0000
308.7500
322.5000
323.0000
320.0000
330.7500
332.5000
380.2500
272.5000
277.5000
323.7500
119.0000
119.7500
215.2500
233.8750
235.7500
235.2500
232.5000
268.5000
213.7500
150.5000
237.2500
262.2500
358.5000
235.3750
384.2500
402.2500
389.0000
405.7500
392.2500
374.0000
372.2500
366.7500
392.0000
379.2500
366.5000
361.0000
346.7500
335.5000
336.5000
345.5000
394.0000
491.5000
439.0000
398.0000
357.0000
264.0000
253.3750
249.0000
248.2500
279.7500
299.2500
290.7500
241.7500
215.8750
218.3750
226.3750
264.0000
276.5000
277.2500
283.0000
297.2500
294.2500
290.5000
290.0000
294.7500
308.7500
317.2500
319.5000
324.5000
321.5000
310.7500
261.0000
249.5000
327.7500
192.8750
105.4375
171.0000
233.2500
240.8750
241.8750
242.3750
240.7500
275.5000
126.3125
230.1250
266.5000
347.2500
288.2500
318.5000
422.5000
390.0000
408.5000
399.7500
389.0000
376.2500
383.5000
408.0000
382.5000
366.5000
358.0000
349.2500
340.2500
340.0000
343.2500
359.5000
377.5000
383.7500
378.0000
357.2500
272.7500
241.2500
245.3750
253.0000
269.0000
276.2500
261.5000
215.2500
205.7500
209.8750
209.1250
254.8750
285.2500
285.2500
297.2500
297.2500
294.2500
285.0000
281.2500
283.2500
290.5000
302.2500
308.0000
309.5000
307.0000
295.0000
281.0000
257.5000
274.7500
314.2500
108.9375
127.8750
233.2500
251.7500
253.5000
248.8750
248.6250
291.0000
150.7500
192.2500
264.0000
322.2500
347.0000
255.1250
431.7500
385.7500
312.5000
255.8750
246.2500
270.0000
245.2500
285.5000
391.0000
380.0000
368.0000
352.7500
346.2500
338.5000
336.2500
344.7500
354.5000
360.2500
356.7500
340.5000
251.0000
230.0000
217.8750
210.2500
224.7500
280.5000
252.8750
208.3750
226.2500
247.7500
254.8750
273.7500
277.2500
276.7500
280.5000
280.0000
286.0000
277.5000
270.0000
267.0000
273.5000
288.7500
294.0000
294.2500
283.7500
219.5000
274.5000
267.0000
247.2500
342.0000
172.3750
109.6250
205.1250
256.7500
262.5000
261.2500
244.5000
243.6250
230.1250
133.6250
208.6250
258.7500
382.0000
231.1250
415.2500
392.0000
340.5000
357.0000
362.0000
369.5000
408.5000
394.0000
404.7500
386.7500
370.2500
360.0000
342.0000
330.5000
331.7500
339.0000
346.2500
349.2500
349.5000
338.5000
268.5000
262.7500
266.7500
268.2500
277.2500
306.0000
309.7500
313.0000
336.5000
344.2500
326.5000
297.0000
298.2500
286.2500
274.0000
279.0000
282.0000
272.2500
264.2500
260.7500
263.0000
276.5000
289.0000
288.2500
273.7500
199.8750
261.5000
259.0000
244.5000
272.5000
306.7500
111.2500
153.6250
256.2500
263.5000
262.5000
230.7500
229.1250
287.0000
121.8750
230.5000
282.5000
381.5000
264.5000
332.2500
380.5000
359.5000
356.2500
350.7500
350.7500
358.2500
342.5000
377.0000
374.2500
365.5000
357.7500
342.7500
337.0000
331.5000
335.5000
337.2500
333.2500
335.7500
338.5000
340.0000
355.5000
339.7500
339.7500
373.0000
352.7500
344.2500
333.5000
338.0000
331.2500
319.5000
308.0000
358.0000
301.5000
277.7500
282.0000
281.5000
268.5000
263.2500
256.7500
253.5000
262.7500
279.5000
283.2500
277.5000
260.2500
242.0000
270.5000
252.3750
240.3750
354.0000
160.5000
110.2500
226.1250
265.0000
266.5000
260.2500
244.5000
287.5000
168.7500
193.7500
265.7500
327.0000
294.2500
213.7500
256.0000
294.0000
311.5000
320.2500
303.2500
323.7500
308.2500
352.0000
367.5000
361.2500
357.5000
350.0000
337.7500
332.2500
329.0000
324.7500
322.2500
317.0000
339.5000
341.2500
350.5000
338.0000
336.2500
343.7500
351.2500
343.2500
329.7500
321.0000
318.2500
306.2500
301.7500
365.5000
302.7500
278.0000
277.7500
271.7500
265.2500
260.0000
255.6250
250.1250
255.8750
268.7500
274.5000
269.5000
267.0000
182.2500
275.0000
264.2500
245.7500
282.5000
290.2500
106.3125
171.1250
269.5000
274.7500
270.0000
274.0000
283.0000
237.7500
153.7500
276.7500
313.5000
356.7500
289.5000
365.7500
331.5000
325.5000
328.5000
313.0000
325.0000
318.7500
366.5000
385.7500
378.5000
358.0000
349.7500
348.0000
336.2500
321.5000
317.7500
312.5000
308.2500
333.0000
340.2500
343.7500
337.5000
342.2500
372.7500
371.2500
344.2500
321.2500
301.0000
296.5000
290.2500
272.2500
294.5000
282.2500
277.5000
284.5000
255.7500
257.0000
257.5000
251.0000
250.3750
254.1250
261.0000
263.0000
259.2500
251.5000
157.8750
251.3750
278.5000
253.2500
253.8750
358.0000
138.1250
119.3750
251.7500
280.0000
283.5000
280.0000
281.5000
266.5000
141.8750
269.7500
302.5000
388.0000
338.0000
334.2500
319.2500
312.5000
317.2500
295.0000
308.5000
307.7500
357.2500
376.0000
362.7500
346.2500
331.5000
330.0000
314.5000
310.2500
311.7500
304.0000
302.7500
327.5000
335.7500
332.2500
323.7500
316.0000
288.2500
356.0000
342.2500
306.0000
293.2500
285.7500
280.7500
257.7500
279.5000
272.2500
264.5000
284.2500
239.0000
236.0000
257.7500
249.7500
248.7500
259.7500
264.0000
263.0000
257.5000
248.8750
159.7500
190.8750
285.2500
283.2500
272.2500
313.7500
257.5000
105.7500
196.1250
281.5000
276.5000
273.0000
277.5000
279.0000
172.8750
209.5000
288.0000
354.5000
336.0000
329.5000
307.0000
314.5000
315.2500
294.0000
300.5000
299.0000
347.0000
358.2500
342.5000
330.7500
333.0000
313.5000
302.5000
295.0000
296.0000
293.2500
293.5000
316.0000
322.7500
305.5000
315.2500
300.5000
271.7500
329.7500
321.5000
269.0000
265.0000
268.0000
255.3750
239.5000
240.5000
232.1250
233.8750
252.7500
229.2500
194.5000
267.0000
259.5000
255.8750
267.5000
263.7500
257.0000
248.5000
242.8750
162.8750
165.0000
251.6250
281.7500
276.7500
272.2500
346.5000
131.2500
134.2500
281.5000
290.5000
289.5000
289.0000
286.7500
226.7500
148.5000
270.0000
330.0000
335.5000
324.5000
293.7500
295.2500
294.5000
301.2500
288.7500
287.5000
293.2500
336.5000
328.5000
325.5000
317.5000
305.0000
288.5000
281.0000
285.0000
280.0000
286.0000
304.2500
300.2500
266.5000
260.7500
233.7500
233.2500
231.8750
242.6250
181.2500
225.6250
210.8750
242.8750
177.6250
154.5000
169.5000
188.3750
188.3750
199.8750
252.5000
279.7500
265.5000
260.5000
264.5000
251.6250
246.2500
241.2500
239.2500
160.3750
171.5000
202.0000
273.7500
286.0000
284.7500
315.7500
226.1250
104.0000
235.1250
288.5000
293.2500
292.0000
296.7500
273.5000
119.0000
253.3750
297.5000
272.5000
258.5000
228.2500
240.5000
227.7500
231.8750
215.7500
245.5000
252.7500
330.2500
324.0000
319.7500
296.5000
287.5000
276.0000
265.5000
269.5000
270.7500
272.5000
272.2500
257.5000
159.7500
164.8750
144.8750
163.7500
150.6250
181.0000
222.7500
232.5000
207.3750
227.7500
168.6250
149.8750
164.7500
165.1250
187.2500
224.1250
268.2500
273.5000
261.0000
260.5000
256.2500
244.7500
240.5000
241.1250
238.1250
167.5000
183.8750
181.5000
241.7500
279.0000
283.7500
278.7500
307.0000
110.0000
149.0000
293.5000
295.2500
295.0000
306.5000
313.5000
173.2500
205.1250
306.5000
204.0000
180.5000
175.1250
182.5000
116.3750
153.5000
263.5000
245.5000
260.2500
279.5000
293.5000
299.5000
294.7500
285.5000
270.5000
263.7500
265.0000
264.5000
263.7500
264.0000
260.5000
176.5000
183.1250
141.3750
147.8750
147.1250
164.8750
241.1250
250.3750
211.8750
134.7500
119.9375
120.8750
122.9375
124.3125
133.2500
209.7500
266.0000
273.0000
262.7500
256.2500
252.2500
246.1250
244.0000
242.2500
239.1250
164.5000
169.5000
177.3750
202.1250
267.7500
273.5000
277.7500
298.7500
176.8750
103.5625
257.5000
308.5000
327.0000
336.2500
339.7500
252.2500
144.8750
331.0000
303.7500
232.6250
139.2500
153.3750
119.1250
132.5000
179.2500
222.0000
248.8750
261.0000
263.2500
267.7500
274.5000
270.5000
259.0000
254.8750
250.6250
250.8750
257.7500
264.0000
270.0000
155.7500
107.9375
107.0000
109.0625
110.2500
117.6250
234.1250
237.7500
194.2500
127.7500
114.3750
119.6875
122.2500
122.0000
122.9375
207.7500
267.5000
267.0000
270.2500
258.7500
254.1250
249.7500
247.7500
244.1250
243.8750
166.5000
164.8750
173.8750
182.8750
310.5000
407.2500
426.2500
421.5000
301.5000
109.1250
233.1250
457.5000
453.7500
433.7500
415.7500
333.2500
130.6250
326.7500
356.7500
267.5000
113.7500
 89.3125
 84.5625
 83.6250
 85.1250
186.7500
234.1250
258.0000
249.5000
265.2500
264.7500
255.1250
247.6250
244.1250
249.7500
258.2500
265.5000
271.2500
273.0000
150.7500
102.4375
102.6875
104.5625
105.4375
110.3125
218.5000
219.3750
128.7500
121.6250
114.9375
114.5625
118.0000
122.1250
153.5000
245.2500
264.2500
266.5000
270.0000
260.2500
253.8750
250.1250
250.8750
247.8750
248.1250
170.8750
170.1250
175.2500
190.5000
293.5000
534.0000
527.0000
510.5000
405.7500
165.8750
123.6875
411.7500
446.5000
438.7500
422.5000
394.0000
187.1250
235.1250
359.5000
280.2500
 96.0000
 84.6875
 84.0625
 85.2500
 83.5625
129.8750
181.5000
264.5000
261.2500
270.2500
277.2500
262.7500
251.5000
248.7500
251.3750
260.7500
271.0000
276.0000
268.0000
137.8750
107.5625
102.6875
103.6250
107.7500
145.1250
254.7500
209.8750
119.4375
119.5625
122.7500
125.6250
135.2500
149.3750
183.7500
234.0000
244.3750
214.5000
217.2500
263.5000
259.5000
253.8750
250.8750
251.1250
251.5000
167.5000
181.5000
187.7500
194.5000
210.2500
427.2500
530.5000
517.5000
469.7500
267.2500
 95.0625
263.2500
440.2500
433.0000
416.5000
407.2500
274.5000
146.3750
328.2500
232.6250
101.0625
 86.7500
 87.6250
 91.7500
 96.3750
106.7500
127.0625
242.8750
266.0000
274.2500
276.5000
272.0000
266.5000
267.0000
267.2500
271.0000
275.2500
279.0000
274.0000
152.2500
127.1250
123.2500
146.3750
183.2500
212.6250
243.2500
198.2500
157.3750
134.3750
131.1250
144.7500
155.5000
184.8750
193.3750
227.7500
234.7500
236.5000
238.1250
269.0000
266.2500
259.7500
257.2500
257.0000
253.6250
167.2500
182.0000
191.2500
197.7500
206.8750
280.0000
500.0000
497.7500
479.5000
363.2500
135.8750
136.1250
407.2500
421.7500
416.2500
409.0000
347.5000
136.5000
266.0000
187.1250
140.7500
108.4375
115.5625
119.2500
115.5625
107.9375
150.8750
267.7500
276.5000
288.2500
294.7500
290.7500
281.2500
281.0000
283.5000
277.7500
277.5000
283.0000
295.5000
200.0000
126.0000
144.5000
165.1250
201.7500
196.7500
251.8750
207.5000
234.5000
208.0000
194.1250
207.7500
220.8750
223.6250
211.3750
241.6250
245.2500
250.8750
279.7500
274.2500
270.5000
264.2500
262.7500
262.5000
259.5000
136.8750
173.2500
191.8750
190.2500
205.5000
215.8750
383.2500
474.5000
464.7500
411.2500
245.8750
103.5625
290.2500
402.5000
416.5000
413.5000
363.2500
200.1250
194.5000
192.8750
205.7500
155.0000
149.3750
162.2500
161.1250
173.8750
276.0000
309.5000
293.5000
305.7500
304.7500
303.5000
292.5000
295.7500
295.7500
286.7500
283.5000
289.2500
299.5000
235.1250
193.8750
241.7500
239.3750
248.1250
202.2500
262.5000
237.7500
246.5000
218.5000
227.5000
219.5000
215.2500
216.7500
200.5000
231.8750
233.1250
240.6250
280.2500
273.5000
270.2500
265.5000
258.7500
260.7500
261.5000
109.3750
179.5000
200.6250
190.0000
200.5000
203.5000
256.7500
431.5000
437.5000
415.7500
339.0000
135.6250
168.3750
419.0000
437.7500
337.0000
202.0000
215.1250
134.7500
128.5000
163.2500
176.7500
222.1250
299.5000
292.2500
240.2500
317.0000
332.2500
314.2500
318.2500
317.7500
313.2500
302.5000
297.7500
299.5000
299.5000
296.0000
296.7500
298.2500
273.5000
223.5000
238.2500
257.2500
329.5000
203.1250
239.3750
245.8750
266.5000
240.0000
257.2500
238.3750
240.5000
257.0000
240.8750
240.5000
250.3750
269.7500
265.2500
267.7500
266.5000
267.0000
270.7500
267.2500
262.7500
 98.3125
149.1250
190.7500
198.1250
197.6250
184.0000
198.7500
306.0000
405.0000
415.5000
389.2500
234.5000
106.3125
336.0000
444.5000
415.2500
369.2500
300.7500
154.5000
121.5625
154.5000
195.3750
265.7500
325.2500
339.5000
292.5000
305.0000
329.5000
332.5000
337.7500
331.7500
318.7500
313.2500
313.5000
307.5000
304.0000
298.2500
301.5000
295.0000
274.7500
221.6250
248.8750
261.5000
276.0000
240.5000
246.5000
246.7500
265.2500
271.0000
275.0000
273.2500
259.2500
275.2500
249.2500
252.5000
283.5000
289.2500
278.7500
278.5000
280.2500
280.0000
264.5000
265.2500
263.7500
 98.0625
107.0625
174.1250
198.3750
200.3750
208.5000
210.5000
223.7500
301.0000
371.2500
381.0000
324.2500
129.8750
204.6250
439.2500
439.2500
380.0000
297.5000
261.5000
137.2500
156.3750
196.2500
260.5000
325.5000
343.0000
337.0000
320.0000
343.2500
338.7500
337.2500
334.5000
323.0000
315.0000
317.0000
311.2500
311.5000
306.2500
300.2500
300.7500
311.5000
292.2500
298.7500
296.7500
293.5000
292.7500
278.5000
267.5000
279.0000
280.2500
277.7500
288.7500
287.7500
275.2500
263.2500
296.0000
356.2500
313.5000
289.7500
283.5000
285.0000
285.0000
273.2500
263.0000
264.0000
 97.8750
101.7500
130.2500
196.0000
204.1250
209.0000
208.2500
226.2500
271.5000
338.5000
366.0000
355.0000
219.1250
118.3125
335.7500
365.5000
289.5000
246.5000
244.7500
248.3750
247.5000
259.2500
252.8750
267.0000
315.7500
333.7500
346.7500
349.0000
342.5000
339.5000
330.5000
324.2500
315.5000
316.5000
314.5000
310.5000
309.7500
308.2500
304.5000
307.5000
294.0000
305.5000
301.5000
297.7500
325.0000
296.5000
272.7500
273.7500
277.7500
270.2500
280.2500
292.5000
285.5000
283.7500
313.7500
320.5000
281.0000
300.2500
284.7500
281.5000
290.0000
281.5000
273.5000
263.7500
109.8750
102.9375
102.0625
159.1250
191.7500
197.8750
202.5000
240.1250
311.0000
315.0000
344.0000
360.2500
307.7500
122.9375
307.2500
349.0000
286.2500
302.0000
305.5000
314.0000
316.2500
325.2500
303.7500
308.0000
323.7500
323.2500
334.0000
341.7500
345.0000
340.5000
336.7500
331.5000
320.7500
317.5000
314.7500
311.0000
309.5000
311.2500
299.5000
309.5000
296.5000
307.0000
305.2500
292.2500
329.7500
303.2500
280.2500
265.2500
278.7500
266.7500
271.5000
297.0000
293.5000
303.5000
316.7500
315.5000
270.5000
287.5000
287.2500
280.2500
270.0000
280.7500
286.7500
263.7500
207.2500
108.9375
103.3125
116.9375
184.5000
199.0000
221.3750
286.5000
322.0000
296.5000
341.2500
355.0000
356.2500
254.8750
399.5000
402.0000
342.2500
368.7500
348.2500
347.5000
358.2500
358.0000
326.5000
328.5000
335.0000
334.2500
332.2500
336.7500
337.0000
338.7500
335.7500
322.2500
320.2500
317.0000
311.7500
306.5000
297.5000
300.5000
296.2500
315.5000
296.7500
302.0000
307.0000
308.5000
408.5000
323.0000
266.7500
258.2500
279.5000
281.5000
279.2500
302.5000
307.7500
307.2500
298.5000
286.2500
270.0000
290.5000
308.7500
297.0000
279.2500
267.2500
279.7500
260.2500
388.0000
144.2500
106.0625
106.7500
153.1250
219.5000
252.2500
262.2500
240.2500
295.5000
386.2500
354.2500
370.5000
364.2500
464.2500
477.2500
364.5000
389.0000
373.2500
375.0000
367.7500
382.5000
347.5000
341.5000
349.7500
350.0000
345.7500
340.2500
332.5000
332.7500
332.2500
316.7500
312.0000
308.0000
300.5000
296.2500
287.7500
289.0000
289.5000
315.0000
290.0000
303.0000
314.2500
312.7500
364.0000
311.2500
283.0000
281.5000
292.7500
285.5000
284.7500
303.5000
317.5000
296.2500
314.7500
287.5000
272.2500
281.5000
307.7500
303.5000
293.2500
246.7500
271.7500
268.5000
442.2500
324.0000
117.8750
111.1250
115.3750
199.6250
252.1250
252.6250
254.1250
281.0000
365.5000
368.0000
353.0000
409.2500
435.2500
443.2500
425.7500
425.7500
394.5000
380.7500
374.5000
396.0000
364.5000
350.7500
358.2500
365.7500
355.0000
350.7500
337.2500
335.2500
326.0000
312.0000
305.0000
301.2500
300.7500
297.5000
294.0000
295.2500
296.2500
314.2500
295.7500
308.7500
317.7500
320.5000
322.7500
293.5000
291.2500
295.0000
293.2500
297.2500
279.2500
296.7500
319.5000
305.0000
312.5000
288.0000
277.2500
281.2500
302.7500
308.7500
301.5000
255.0000
255.0000
260.5000
486.0000
437.0000
219.1250
114.3750
108.6875
153.5000
356.5000
370.5000
325.0000
344.0000
389.5000
404.2500
363.5000
435.0000
443.7500
444.2500
446.5000
436.2500
405.5000
388.0000
387.0000
397.7500
374.5000
358.2500
290.5000
344.0000
341.7500
338.0000
326.2500
325.7500
317.5000
306.0000
301.5000
292.5000
294.2500
298.5000
296.2500
300.0000
299.5000
311.5000
304.7500
294.2500
307.2500
330.7500
320.0000
305.7500
294.2500
290.5000
294.2500
316.5000
294.7500
280.7500
305.0000
307.0000
296.7500
293.0000
279.5000
285.7500
286.5000
298.0000
284.5000
264.5000
220.1250
226.3750
497.5000
458.5000
391.5000
152.2500
108.6875
106.6250
332.7500
474.5000
474.0000
464.2500
453.7500
424.0000
391.5000
457.2500
450.5000
443.2500
454.5000
429.0000
403.2500
382.2500
382.7500
392.7500
375.0000
362.0000
297.0000
303.7500
315.0000
315.2500
299.2500
302.5000
303.2500
300.5000
297.7500
296.2500
296.0000
297.5000
297.0000
298.5000
303.5000
317.2500
313.0000
312.5000
313.7500
329.5000
324.2500
318.0000
289.2500
288.5000
291.7500
310.2500
301.2500
281.7500
301.2500
296.0000
287.2500
295.5000
270.5000
271.5000
270.0000
283.5000
275.5000
262.5000
217.6250
195.7500
473.7500
477.0000
441.0000
297.2500
121.8750
117.0000
168.7500
438.5000
478.7500
475.0000
460.0000
428.5000
412.5000
463.7500
445.0000
431.5000
448.5000
418.2500
386.2500
366.0000
378.0000
379.7500
358.2500
344.7500
313.2500
314.5000
314.5000
313.7500
299.7500
304.0000
305.5000
301.0000
297.7500
295.0000
294.7500
295.7500
298.5000
306.2500
321.7500
339.7500
313.7500
333.0000
321.5000
332.2500
324.7500
325.5000
295.5000
279.5000
281.2500
285.2500
281.5000
275.5000
272.2500
251.8750
241.7500
230.5000
228.1250
227.8750
212.5000
218.1250
236.8750
238.2500
234.0000
232.8750
480.7500
494.2500
473.2500
388.7500
202.1250
122.6875
122.0625
264.7500
471.5000
465.7500
449.0000
417.5000
422.2500
455.5000
468.5000
446.5000
427.5000
391.0000
359.7500
339.2500
361.5000
352.5000
318.2500
300.0000
293.2500
311.7500
304.5000
290.0000
296.7500
300.5000
304.0000
305.0000
302.5000
298.0000
300.0000
300.0000
300.2500
305.7500
324.7500
341.5000
319.2500
320.2500
299.2500
278.7500
258.2500
234.1250
223.0000
221.8750
219.5000
227.7500
190.8750
142.8750
122.3125
103.8750
 94.0000
 92.1250
 90.1250
 91.3125
 86.7500
 92.5625
173.1250
258.2500
255.8750
226.3750
492.0000
501.7500
471.5000
415.2500
341.0000
144.1250
117.0000
133.6250
373.5000
440.7500
429.5000
399.0000
425.5000
438.0000
437.0000
423.0000
381.5000
342.0000
300.0000
292.2500
316.7500
280.2500
264.7500
250.2500
241.2500
303.2500
297.5000
289.0000
301.2500
310.2500
306.0000
307.5000
307.2500
305.2500
308.2500
309.2500
308.7500
310.7500
314.7500
314.7500
288.0000
179.6250
114.2500
 96.8750
 79.1250
 78.0625
 79.9375
 79.0000
 81.0000
165.7500
171.5000
108.4375
 93.4375
 76.1250
 77.3750
111.5625
120.1250
 99.3750
 87.9375
 86.5625
103.6875
199.8750
177.5000
176.5000
496.7500
491.0000
456.5000
408.5000
389.2500
256.2500
114.6250
111.8750
173.3750
383.0000
387.0000
375.5000
365.2500
345.5000
307.7500
306.7500
215.1250
175.1250
171.7500
160.8750
117.1250
105.8750
116.3125
138.2500
159.1250
295.5000
315.5000
304.5000
314.5000
322.7500
314.5000
319.2500
316.5000
315.7500
319.0000
316.7500
316.0000
316.5000
320.2500
310.5000
297.7500
154.2500
103.4375
139.5000
121.0000
101.3750
 95.8750
 98.3750
108.3125
134.1250
144.0000
 99.4375
 93.9375
 80.7500
 75.7500
 87.5625
 86.6250
 96.5625
103.7500
104.2500
105.5625
145.2500
164.1250
248.6250
468.7500
470.2500
424.0000
408.7500
396.7500
327.0000
161.2500
 97.5625
 97.9375
207.1250
332.7500
359.2500
384.5000
343.2500
258.2500
286.7500
133.1250
 84.2500
 78.2500
 77.5625
 98.0000
 92.0000
 75.0000
116.0625
122.3750
257.7500
326.5000
318.7500
322.7500
327.0000
320.5000
321.2500
324.5000
327.5000
330.5000
328.2500
326.5000
324.7500
323.7500
316.7500
301.5000
148.7500
 91.6875
 96.0625
 99.3125
108.0625
114.3125
116.3750
105.5625
100.0000
147.8750
107.3125
 96.6875
 85.6250
 77.8750
 87.7500
 86.3750
 81.7500
 86.9375
 89.9375
 90.7500
110.6250
233.3750
267.0000
412.0000
386.5000
358.7500
369.5000
340.2500
316.5000
255.3750
114.6250
 88.9375
101.1250
304.5000
379.7500
391.2500
281.2500
219.5000
243.2500
113.6875
 91.0625
 96.3125
106.6875
 94.8750
 82.8750
 73.3125
109.5625
118.6250
234.0000
329.0000
323.7500
321.5000
327.5000
330.2500
336.0000
336.7500
336.5000
337.5000
337.5000
338.0000
335.0000
334.5000
326.2500
318.7500
217.1250
106.3125
 97.0625
 92.1250
 87.7500
 84.9375
 90.0000
 91.6875
 95.6250
202.5000
175.5000
106.3750
 95.5625
 83.5625
 83.5625
 86.2500
 87.1250
 87.9375
 89.5625
 91.3125
138.3750
265.2500
277.0000
428.7500
439.7500
401.5000
394.5000
373.2500
351.2500
313.7500
218.8750
 88.0000
 87.0625
175.8750
385.5000
410.5000
325.5000
197.3750
155.6250
104.9375
 98.9375
 89.1250
 82.2500
 82.8750
 88.1250
 76.5625
116.4375
138.7500
298.5000
344.2500
318.5000
332.0000
339.2500
340.5000
345.5000
348.0000
342.7500
343.5000
346.0000
349.5000
350.7500
344.2500
336.2500
332.5000
315.0000
160.7500
 97.0625
 91.9375
 89.1250
 87.4375
 87.6875
 88.0000
108.7500
238.5000
237.8750
207.7500
162.7500
114.9375
119.5625
111.1250
106.5625
114.0000
119.3125
141.6250
263.2500
285.0000
292.2500
431.5000
421.0000
393.0000
392.0000
396.7500
384.2500
356.2500
315.5000
166.1250
 86.0625
 86.3750
291.2500
414.0000
314.5000
308.0000
171.5000
 96.9375
 85.8750
 82.6875
 85.4375
 85.2500
 85.2500
 89.6875
140.0000
232.1250
339.0000
350.5000
326.5000
335.5000
344.2500
354.2500
356.7500
351.5000
352.5000
353.5000
354.2500
353.2500
357.5000
358.5000
352.0000
343.5000
335.2500
319.0000
166.8750
168.3750
149.5000
145.8750
167.5000
184.6250
226.1250
288.5000
270.5000
249.6250
220.2500
138.3750
217.7500
227.8750
217.2500
229.8750
226.8750
182.7500
283.5000
291.7500
299.0000
463.7500
435.7500
387.2500
395.5000
412.5000
426.5000
405.2500
413.7500
317.5000
128.5000
 86.6250
137.3750
371.5000
298.2500
344.5000
196.5000
108.6875
 90.4375
 89.3750
 91.2500
102.3125
148.7500
148.7500
312.7500
357.7500
362.7500
345.7500
330.0000
346.5000
349.7500
364.5000
368.0000
365.2500
362.2500
366.7500
366.5000
364.2500
368.5000
370.7500
364.0000
355.7500
339.5000
339.5000
226.5000
310.2500
311.2500
298.0000
301.0000
284.5000
227.7500
294.7500
287.7500
266.7500
236.2500
166.2500
223.7500
230.0000
229.5000
242.1250
240.5000
197.1250
286.7500
294.2500
297.5000
408.5000
483.7500
427.0000
402.7500
420.5000
396.2500
360.2500
413.0000
410.5000
279.5000
101.4375
 97.3125
225.5000
328.0000
357.0000
147.8750
141.7500
137.5000
248.7500
296.5000
338.0000
347.2500
220.1250
346.5000
364.0000
365.5000
355.5000
338.5000
353.7500
363.5000
371.0000
374.2500
374.5000
373.2500
378.7500
381.2500
375.5000
377.7500
380.7500
372.0000
356.2500
335.2500
330.7500
235.6250
318.2500
320.5000
307.5000
299.0000
295.7500
231.2500
303.7500
300.2500
284.5000
251.6250
184.2500
230.2500
236.0000
252.1250
250.5000
244.0000
209.3750
292.0000
291.0000
295.0000
406.2500
554.5000
490.0000
335.2500
369.5000
399.0000
396.5000
443.7500
460.0000
376.2500
192.1250
103.0625
115.6250
309.2500
341.2500
123.4375
162.5000
168.8750
321.5000
369.5000
377.0000
369.0000
305.5000
307.0000
365.0000
360.0000
350.7500
345.0000
367.0000
380.2500
386.5000
387.2500
384.0000
382.0000
383.2500
387.5000
383.5000
384.2500
387.2500
375.0000
363.2500
353.7500
343.2500
245.1250
324.2500
321.2500
314.2500
307.5000
307.2500
236.3750
312.7500
305.0000
301.0000
255.5000
224.8750
266.0000
268.2500
279.2500
280.0000
254.1250
214.7500
284.2500
294.5000
307.2500
450.2500
525.5000
446.5000
276.7500
322.2500
389.2500
402.5000
417.0000
429.7500
431.7500
318.5000
136.2500
103.1250
183.0000
288.2500
118.1250
179.1250
185.7500
315.0000
365.5000
368.2500
363.7500
350.2500
265.7500
361.5000
355.7500
366.5000
361.0000
376.2500
379.5000
388.5000
396.5000
391.7500
393.5000
390.2500
392.7500
387.7500
387.7500
394.5000
385.2500
375.7500
377.0000
355.2500
255.5000
322.2500
319.2500
327.2500
332.5000
329.0000
236.7500
302.5000
309.0000
313.5000
255.8750
254.5000
300.0000
307.0000
313.2500
307.5000
290.2500
260.2500
308.2500
316.7500
316.7500
509.2500
523.5000
396.5000
283.7500
314.5000
389.2500
414.2500
410.2500
416.5000
428.7500
417.2500
249.6250
105.6875
 99.4375
158.5000
133.3750
200.7500
225.7500
296.2500
358.7500
358.5000
354.2500
348.0000
282.5000
319.7500
381.0000
383.5000
365.5000
386.7500
391.7500
395.5000
400.7500
398.5000
401.0000
399.5000
399.0000
395.7500
390.7500
398.2500
393.2500
389.5000
384.5000
379.0000
313.5000
350.5000
351.0000
357.7500
352.7500
353.2500
345.5000
343.0000
338.5000
336.2500
326.2500
318.7500
326.7500
325.0000
322.7500
324.2500
324.5000
318.7500
304.5000
289.7500
282.2500
554.5000
539.0000
344.2500
299.0000
326.7500
391.2500
410.5000
411.0000
410.7500
415.2500
451.2500
385.7500
171.0000
 96.0000
 89.8750
164.8750
215.8750
247.2500
238.5000
317.0000
334.0000
346.5000
359.5000
357.0000
360.7500
389.5000
388.5000
376.5000
395.2500
404.7500
403.7500
401.7500
410.0000
415.0000
417.2500
413.5000
407.0000
403.2500
400.5000
399.0000
398.0000
395.0000
397.2500
393.0000
341.5000
271.0000
235.5000
212.8750
208.7500
231.1250
255.1250
271.5000
302.2500
349.0000
339.2500
334.2500
331.5000
329.2500
311.0000
222.2500
155.7500
132.8750
138.8750
151.1250
540.0000
528.5000
301.5000
313.5000
313.5000
384.5000
433.5000
438.2500
435.2500
453.5000
471.5000
443.0000
272.2500
117.4375
 87.7500
195.7500
201.5000
248.1250
289.2500
324.5000
350.5000
360.2500
373.7500
383.5000
389.0000
395.0000
389.7500
396.2500
409.5000
412.7500
419.0000
420.0000
415.0000
416.5000
422.7500
427.2500
417.7500
413.2500
411.7500
405.2500
401.0000
399.7500
394.7500
265.0000
128.3750
183.2500
228.2500
274.0000
278.7500
255.3750
265.0000
196.2500
147.8750
216.0000
351.7500
343.7500
343.7500
314.5000
146.6250
142.8750
204.2500
273.7500
273.2500
275.0000
545.0000
418.0000
298.7500
323.5000
278.5000
289.2500
375.7500
438.7500
452.5000
468.7500
479.5000
428.5000
352.5000
213.5000
116.8750
180.5000
186.5000
219.5000
265.2500
317.0000
361.0000
379.7500
391.5000
402.5000
404.2500
412.7500
401.2500
407.5000
418.2500
422.7500
426.5000
429.7500
428.0000
425.5000
424.7500
425.2500
417.5000
415.5000
415.7500
411.5000
397.5000
402.2500
377.7500
227.7500
333.5000
335.2500
318.7500
346.7500
343.5000
307.7500
345.7500
334.2500
296.0000
297.5000
359.2500
358.0000
349.2500
267.7500
237.5000
268.2500
264.2500
293.2500
291.0000
253.8750
539.0000
331.5000
311.2500
348.2500
307.7500
338.5000
355.2500
343.0000
457.7500
471.2500
471.2500
326.7500
189.7500
158.2500
130.0000
158.8750
175.3750
181.6250
192.8750
196.8750
298.7500
389.2500
403.0000
415.5000
420.2500
423.5000
408.0000
421.5000
428.0000
433.2500
426.0000
421.5000
427.0000
429.5000
430.2500
429.0000
418.0000
417.5000
414.7500
410.5000
401.7500
408.5000
396.7500
355.5000
357.7500
322.0000
308.5000
334.7500
343.7500
292.7500
309.7500
355.7500
300.2500
373.7500
367.0000
362.2500
349.0000
332.5000
282.5000
265.7500
250.5000
261.7500
299.7500
254.5000
380.2500
309.5000
335.7500
354.2500
326.5000
364.2500
413.5000
424.0000
330.0000
422.2500
414.7500
187.1250
269.7500
306.7500
171.8750
186.8750
212.1250
266.7500
291.5000
285.5000
254.1250
394.5000
407.5000
419.2500
422.5000
420.7500
411.7500
426.5000
432.5000
431.2500
423.0000
419.5000
425.0000
428.0000
427.2500
423.2500
419.7500
414.2500
409.5000
408.2500
410.0000
409.2500
400.7500
374.0000
329.5000
304.2500
303.2500
319.5000
336.5000
289.7500
282.0000
344.2500
303.5000
380.2500
377.7500
372.0000
359.2500
333.7500
266.2500
257.2500
245.8750
242.0000
275.7500
288.2500
309.7500
313.0000
360.2500
322.0000
346.7500
402.5000
438.5000
474.5000
446.5000
386.5000
421.0000
355.0000
360.2500
324.2500
206.7500
198.1250
262.5000
293.0000
285.5000
299.7500
329.5000
401.5000
410.7500
420.5000
426.5000
425.7500
418.5000
430.0000
434.0000
432.2500
423.0000
422.0000
426.7500
426.5000
423.2500
421.0000
416.2500
408.7500
410.5000
412.2500
410.5000
410.7500
402.5000
392.0000
305.2500
297.7500
299.5000
301.0000
314.0000
305.2500
286.5000
299.2500
345.0000
380.0000
379.5000
372.7500
360.0000
331.5000
244.8750
249.5000
230.8750
214.1250
220.3750
271.5000
271.7500
295.7500
421.2500
327.5000
352.0000
433.2500
467.7500
489.5000
470.7500
444.5000
403.7500
363.2500
419.2500
194.0000
185.5000
216.6250
288.7500
285.7500
286.7500
301.2500
314.7500
406.7500
416.2500
423.2500
423.0000
424.2500
419.2500
422.7500
423.5000
428.5000
429.2500
429.0000
427.7500
422.0000
416.0000
419.7500
413.5000
410.2500
413.5000
413.0000
411.5000
412.7500
408.7500
401.5000
277.7500
217.1250
185.8750
178.7500
183.3750
199.7500
221.5000
264.7500
370.7500
377.7500
372.7500
372.2500
362.7500
367.7500
257.5000
201.0000
182.1250
202.8750
204.1250
207.5000
266.5000
289.0000
448.7500
333.7500
366.2500
448.5000
483.2500
495.2500
474.7500
459.7500
388.0000
358.2500
509.5000
177.6250
253.5000
221.7500
267.5000
297.0000
294.5000
297.7500
303.0000
407.5000
425.0000
419.0000
422.7500
422.5000
402.2500
416.5000
427.0000
427.5000
430.2500
425.7500
423.0000
418.5000
411.7500
413.0000
406.5000
401.7500
409.5000
410.2500
411.5000
434.5000
432.2500
418.2500
427.5000
442.5000
426.5000
410.0000
420.5000
420.5000
397.0000
379.2500
424.5000
433.7500
434.0000
430.7500
441.5000
448.5000
352.5000
295.2500
273.0000
297.0000
309.0000
317.2500
259.2500
382.5000
347.2500
330.7500
381.0000
438.7500
462.7500
475.7500
473.2500
455.7500
368.0000
330.2500
362.5000
172.7500
214.8750
200.5000
206.0000
180.6250
163.6250
173.7500
211.5000
368.7500
429.5000
417.0000
414.7500
413.5000
396.7500
414.5000
420.2500
420.5000
421.7500
415.7500
414.0000
410.5000
404.5000
405.2500
403.7500
400.0000
404.2500
406.7500
412.0000
452.5000
443.2500
404.0000
429.5000
450.7500
442.7500
428.5000
427.5000
424.0000
421.0000
393.0000
430.5000
451.2500
445.5000
435.5000
423.0000
431.2500
377.2500
300.7500
281.5000
297.2500
336.2500
300.5000
125.0000
208.1250
244.8750
309.7500
407.5000
430.2500
438.2500
441.2500
521.5000
517.5000
477.5000
482.5000
448.0000
434.5000
460.5000
446.5000
445.5000
450.5000
458.7500
475.7500
495.0000
517.0000
461.0000
407.7500
408.7500
404.7500
398.0000
410.2500
409.5000
411.5000
417.2500
411.2500
406.2500
404.5000
402.0000
401.7500
402.2500
402.0000
404.2500
402.7500
404.0000
459.0000
470.0000
436.5000
446.7500
460.5000
462.0000
444.7500
449.5000
450.0000
465.2500
427.2500
441.2500
472.5000
472.7500
434.0000
410.0000
413.0000
404.7500
312.5000
296.2500
298.7500
344.0000
320.7500
121.1250
126.6875
221.1250
392.7500
430.5000
454.2500
470.2500
481.7500
583.5000
574.0000
562.0000
556.5000
510.2500
511.7500
529.0000
494.7500
479.7500
482.7500
488.2500
490.5000
511.2500
518.0000
423.2500
379.2500
387.2500
390.2500
393.7500
397.0000
404.7500
411.0000
407.2500
403.2500
397.7500
396.2500
397.0000
397.2500
399.2500
395.0000
399.5000
400.7500
401.5000
450.2500
487.2500
471.0000
479.5000
490.0000
486.5000
457.5000
457.7500
468.5000
479.5000
454.2500
452.0000
472.7500
478.0000
442.7500
413.2500
410.5000
409.7500
335.7500
314.5000
302.5000
339.5000
339.2500
126.0000
129.7500
137.5000
214.3750
400.2500
470.0000
494.5000
515.5000
577.5000
564.0000
556.0000
539.0000
515.5000
517.0000
520.0000
487.5000
487.2500
489.5000
502.5000
509.7500
521.0000
528.0000
392.7500
286.0000
367.5000
391.7500
391.5000
387.5000
402.5000
404.0000
400.2500
390.2500
399.7500
402.7500
398.2500
393.7500
394.5000
398.2500
400.0000
401.5000
399.0000
440.5000
496.7500
494.2500
502.2500
515.5000
519.5000
497.7500
486.2500
467.2500
479.7500
469.5000
464.2500
466.0000
468.7500
452.0000
418.2500
416.5000
403.0000
348.0000
332.7500
318.7500
335.0000
337.2500
131.5000
129.1250
130.6250
126.0000
161.8750
347.5000
474.0000
527.5000
558.0000
551.5000
548.0000
526.5000
527.0000
524.0000
517.0000
499.7500
507.2500
496.0000
511.7500
522.5000
536.0000
532.0000
418.0000
400.2500
383.5000
375.5000
390.0000
373.5000
386.2500
380.7500
381.7500
391.5000
404.7500
405.5000
398.7500
395.7500
400.2500
402.7500
403.5000
402.2500
395.2500
430.5000
496.0000
504.5000
511.5000
528.0000
534.0000
516.0000
496.5000
481.7500
475.0000
472.2500
462.0000
450.0000
466.7500
457.2500
421.5000
419.0000
386.7500
360.5000
344.0000
324.2500
333.2500
346.7500
133.2500
131.5000
126.2500
116.0625
113.3750
146.3750
310.0000
495.7500
527.5000
537.5000
535.0000
509.0000
515.5000
526.5000
511.2500
498.5000
502.0000
504.0000
518.5000
529.0000
536.0000
522.0000
401.7500
399.2500
393.5000
361.2500
371.0000
366.0000
369.2500
361.5000
374.5000
389.0000
397.0000
398.2500
395.0000
398.0000
401.5000
403.2500
408.0000
408.7500
401.7500
423.5000
493.5000
493.0000
506.7500
519.5000
529.0000
509.7500
487.2500
487.7500
481.0000
458.0000
441.0000
444.7500
465.7500
460.0000
430.5000
417.5000
387.2500
372.5000
359.7500
340.5000
329.5000
350.0000
175.8750
135.5000
123.6250
109.7500
106.4375
110.8750
185.8750
420.7500
479.2500
506.7500
510.5000
497.5000
498.7500
518.0000
504.0000
489.5000
501.2500
500.5000
520.0000
529.5000
529.5000
509.2500
382.2500
381.2500
382.5000
363.0000
351.0000
348.0000
352.5000
361.2500
371.2500
383.2500
389.2500
387.0000
392.5000
397.5000
397.7500
398.7500
411.5000
428.5000
420.5000
426.0000
486.7500
465.2500
492.2500
497.0000
505.7500
492.7500
469.7500
468.7500
457.7500
399.7500
322.5000
384.2500
462.7500
470.5000
439.5000
413.2500
392.0000
372.0000
366.0000
342.7500
329.2500
342.7500
405.7500
218.2500
125.6875
105.1250
104.3750
108.0625
186.8750
349.0000
419.5000
473.2500
473.2500
474.5000
481.7500
501.2500
490.2500
485.5000
498.2500
501.5000
520.0000
527.0000
520.5000
489.5000
373.2500
376.2500
373.5000
360.2500
346.2500
331.7500
340.0000
353.0000
369.7500
371.5000
372.2500
383.2500
387.7500
389.0000
392.5000
395.0000
417.0000
458.5000
448.7500
435.5000
480.5000
470.2500
471.5000
472.5000
480.5000
467.5000
445.0000
445.7500
415.2500
371.5000
321.0000
380.2500
450.5000
475.7500
442.2500
417.0000
402.5000
355.5000
371.5000
347.2500
320.5000
329.7500
514.5000
460.2500
274.0000
129.2500
107.9375
132.6250
231.6250
244.5000
324.0000
442.2500
429.7500
443.5000
463.5000
476.5000
469.5000
482.5000
487.0000
494.2500
514.0000
519.0000
515.0000
469.2500
371.0000
376.0000
370.2500
359.0000
343.0000
325.0000
334.5000
345.7500
363.0000
352.5000
353.0000
376.5000
380.5000
382.7500
388.2500
397.7500
415.7500
439.5000
467.2500
447.7500
478.0000
462.5000
450.0000
456.2500
463.5000
453.7500
432.0000
428.2500
408.2500
383.2500
371.0000
416.7500
424.5000
460.7500
433.2500
411.5000
402.5000
348.2500
371.2500
350.2500
333.5000
340.7500
564.0000
554.5000
518.0000
344.5000
149.5000
184.5000
300.5000
205.5000
316.5000
401.0000
393.7500
415.5000
449.0000
459.0000
459.0000
473.2500
477.0000
484.5000
500.7500
509.2500
510.0000
440.2500
354.7500
366.5000
363.7500
353.7500
333.5000
326.0000
335.7500
349.0000
357.2500
341.0000
353.2500
376.0000
379.0000
379.5000
390.2500
394.0000
406.0000
417.0000
428.7500
445.5000
465.5000
447.2500
433.7500
443.5000
446.5000
439.2500
424.5000
408.7500
390.2500
380.7500
410.5000
391.2500
389.2500
443.5000
426.2500
406.7500
395.5000
347.0000
363.2500
347.7500
342.5000
334.5000
581.5000
573.5000
569.0000
533.0000
404.5000
271.0000
466.0000
323.0000
440.0000
420.2500
388.5000
405.7500
441.7500
443.7500
448.7500
463.0000
471.2500
481.5000
498.7500
501.5000
504.7500
384.5000
245.7500
344.0000
342.0000
345.0000
326.0000
333.0000
349.5000
359.0000
358.5000
341.0000
350.2500
363.7500
368.2500
370.5000
378.0000
383.0000
391.7500
398.7500
402.5000
409.2500
452.0000
439.7500
421.0000
432.7500
436.0000
433.0000
414.5000
398.7500
369.7500
361.2500
367.7500
365.5000
377.5000
410.0000
413.7500
385.2500
385.5000
354.2500
347.2500
348.5000
338.7500
322.0000
595.0000
561.5000
540.5000
529.5000
525.5000
511.5000
531.5000
485.0000
454.0000
437.2500
420.0000
425.7500
446.5000
452.0000
455.2500
458.0000
463.7500
472.7500
501.0000
491.5000
502.0000
332.2500
152.7500
275.7500
317.7500
347.5000
324.7500
329.5000
343.5000
352.0000
354.2500
341.7500
339.2500
354.2500
366.5000
364.2500
371.2500
375.5000
379.7500
382.5000
382.7500
378.0000
438.2500
435.7500
418.5000
425.2500
422.2500
423.2500
407.2500
394.2500
378.7500
374.0000
389.5000
378.0000
380.5000
421.0000
407.5000
378.5000
371.0000
353.2500
318.5000
338.2500
331.2500
322.2500
