181.1250
146.6250
 95.6875
115.0000
159.3750
147.6250
148.3750
147.6250
144.2500
167.0000
135.1250
113.2500
142.1250
152.5000
204.0000
178.1250
253.1250
274.2500
233.8750
156.7500
173.0000
185.8750
190.3750
195.1250
203.2500
206.5000
212.3750
225.0000
238.5000
252.5000
271.0000
301.0000
352.0000
473.5000
505.0000
505.0000
505.0000
505.0000
499.2500
467.7500
399.0000
364.5000
347.0000
336.7500
318.7500
296.2500
287.2500
276.7500
282.0000
296.7500
309.0000
313.5000
313.5000
316.5000
318.0000
318.0000
313.7500
313.7500
306.7500
297.2500
291.5000
303.5000
353.7500
359.7500
171.8750
191.2500
 99.0000
 98.1875
140.5000
143.1250
149.1250
148.5000
143.3750
147.6250
163.1250
103.5000
136.3750
146.5000
187.3750
199.2500
209.6250
291.0000
250.7500
205.7500
207.0000
204.1250
202.6250
202.8750
205.8750
209.0000
215.7500
227.3750
239.6250
251.7500
269.2500
297.0000
362.2500
481.2500
504.2500
505.0000
504.0000
487.2500
434.0000
385.5000
342.7500
333.7500
319.2500
319.7500
302.0000
283.2500
271.7500
263.5000
267.7500
279.7500
301.5000
302.5000
301.7500
303.7500
305.2500
302.2500
296.0000
298.2500
296.5000
289.5000
282.7500
286.2500
317.7500
348.7500
164.1250
183.8750
132.5000
 95.5000
115.1875
141.6250
147.0000
148.8750
145.2500
142.5000
170.8750
111.0000
124.1875
144.1250
168.7500
209.2500
175.0000
298.2500
258.0000
227.3750
221.1250
212.7500
205.8750
204.2500
203.8750
214.0000
220.8750
231.6250
242.5000
254.3750
268.0000
290.7500
335.0000
426.0000
500.5000
492.7500
441.7500
391.2500
346.0000
322.5000
307.2500
294.0000
295.2500
306.2500
290.7500
260.0000
252.6250
253.3750
256.0000
268.0000
292.0000
290.0000
290.7500
292.5000
291.5000
286.2500
282.2500
283.5000
285.7500
281.7500
278.5000
279.2500
277.0000
293.0000
161.5000
160.6250
177.2500
 95.3125
 96.0625
134.3750
144.0000
146.6250
146.5000
142.1250
157.2500
136.1250
109.2500
143.1250
155.8750
208.3750
167.3750
279.0000
268.7500
234.8750
215.3750
211.0000
205.7500
208.8750
210.5000
222.0000
226.7500
233.3750
242.1250
248.3750
255.5000
269.0000
290.0000
342.0000
414.2500
390.2500
355.5000
333.5000
298.0000
288.5000
281.5000
277.0000
279.7500
284.7500
278.7500
258.5000
244.2500
246.3750
248.0000
270.0000
275.0000
271.0000
275.7500
286.5000
283.0000
274.5000
270.0000
270.5000
274.5000
273.5000
272.5000
271.7500
266.7500
258.7500
146.7500
142.1250
177.5000
123.0625
 88.8125
114.6250
143.0000
148.8750
148.8750
146.8750
144.0000
160.2500
 99.2500
137.7500
155.7500
197.0000
187.5000
236.8750
283.7500
244.0000
214.6250
210.6250
208.5000
208.1250
213.7500
223.2500
223.6250
227.3750
233.3750
240.3750
247.2500
260.0000
273.7500
294.2500
313.0000
318.7500
316.5000
307.7500
279.0000
267.7500
267.0000
264.2500
263.2500
266.2500
260.7500
239.6250
234.0000
237.3750
235.8750
260.0000
278.0000
276.7500
284.0000
283.2500
279.2500
266.2500
261.5000
261.0000
262.2500
263.7500
262.5000
260.5000
256.7500
248.2500
155.0000
144.5000
153.0000
173.5000
 89.7500
 97.1875
140.6250
152.1250
154.0000
150.0000
146.3750
165.0000
108.1875
123.8750
153.8750
182.5000
209.6250
191.2500
296.7500
245.2500
186.0000
172.1250
168.0000
178.5000
166.0000
179.2500
221.2500
226.6250
230.3750
235.3750
241.2500
248.2500
255.6250
269.0000
280.2500
287.0000
288.2500
284.0000
256.7500
250.2500
243.1250
237.0000
241.2500
266.5000
250.7500
227.1250
229.3750
234.6250
236.7500
251.6250
259.5000
254.6250
257.0000
255.8750
265.0000
258.5000
251.2500
248.3750
250.1250
254.3750
251.8750
249.1250
242.7500
214.6250
151.8750
147.5000
140.0000
184.6250
115.1875
 90.5000
128.1250
151.2500
156.7500
154.6250
144.8750
145.2500
142.0000
105.4375
133.2500
153.8750
219.7500
169.7500
290.7500
248.3750
197.5000
188.3750
193.0000
197.6250
204.2500
209.5000
224.1250
225.8750
226.6250
231.6250
232.7500
235.8750
243.1250
254.0000
264.0000
270.5000
273.0000
270.7500
246.1250
243.7500
244.1250
244.8750
245.0000
255.0000
251.8750
248.7500
252.6250
254.5000
251.6250
249.5000
254.2500
247.3750
245.2500
248.0000
253.0000
250.8750
244.0000
239.6250
239.3750
244.0000
244.3750
240.8750
232.6250
201.6250
143.0000
143.3750
138.1250
152.8750
172.6250
 90.2500
106.5000
149.2500
159.5000
155.7500
139.3750
138.0000
165.0000
 97.3750
140.2500
161.6250
211.1250
176.3750
242.2500
251.6250
214.3750
186.3750
188.2500
189.7500
194.8750
198.2500
217.6250
217.1250
219.8750
224.5000
225.0000
229.5000
232.7500
242.2500
248.5000
252.6250
257.0000
257.0000
252.0000
257.7500
255.7500
258.5000
283.0000
263.5000
253.0000
249.5000
249.7500
248.3750
247.2500
247.8750
272.7500
249.5000
243.6250
243.5000
243.7500
242.0000
238.6250
233.2500
229.5000
231.2500
235.3750
233.6250
228.6250
220.3750
135.8750
147.2500
141.0000
136.0000
194.7500
112.4375
 88.8125
134.6250
159.2500
160.1250
153.3750
145.6250
164.3750
115.8750
125.5000
156.2500
184.7500
178.2500
156.0000
180.0000
184.6250
180.2500
189.7500
183.7500
201.3750
199.5000
212.8750
211.0000
215.0000
218.8750
221.8750
223.2500
225.1250
229.2500
233.6250
237.8750
238.6250
249.6250
247.5000
250.6250
248.3750
249.6250
263.7500
251.1250
246.2500
243.0000
237.6250
240.6250
239.3750
240.5000
268.5000
243.3750
236.8750
236.6250
234.1250
233.8750
231.6250
227.2500
221.7500
221.8750
224.5000
224.1250
219.6250
216.8750
114.7500
151.5000
145.2500
136.7500
159.3750
170.0000
 85.9375
111.7500
156.3750
157.2500
151.2500
151.3750
156.8750
145.3750
109.6250
163.2500
178.3750
194.6250
175.0000
227.0000
208.2500
192.2500
197.0000
190.6250
201.5000
204.7500
214.7500
216.3750
218.1250
214.2500
215.6250
220.2500
218.2500
217.8750
222.1250
224.6250
225.3750
239.3750
240.1250
241.8750
242.3750
249.2500
272.7500
250.3750
239.8750
234.8750
228.2500
229.8750
228.7500
225.7500
236.5000
230.8750
231.1250
234.8750
220.6250
223.0000
225.6250
220.3750
217.5000
215.6250
215.7500
214.0000
210.5000
204.8750
106.6250
142.8750
151.0000
140.2500
141.0000
196.5000
 98.6250
 90.5000
143.8750
155.2500
157.5000
155.7500
157.8750
156.8750
104.6875
163.0000
173.1250
206.2500
201.8750
207.1250
198.0000
192.2500
191.6250
181.5000
191.6250
197.0000
206.0000
210.0000
208.7500
206.5000
205.6250
208.5000
205.3750
208.5000
214.1250
213.8750
216.5000
230.7500
234.1250
232.1250
231.3750
232.0000
229.0000
235.5000
236.2500
225.0000
222.3750
219.5000
218.7500
211.3750
222.5000
223.5000
221.0000
229.8750
209.6250
209.1250
219.8750
214.2500
211.3750
214.1250
213.0000
210.5000
206.2500
201.2500
107.3750
118.8125
153.6250
157.2500
149.0000
169.2500
149.0000
 84.8750
119.2500
153.8750
153.0000
151.7500
156.6250
160.3750
116.1875
132.8750
163.5000
190.5000
201.8750
201.1250
188.2500
192.1250
190.5000
180.5000
187.2500
189.8750
195.5000
199.6250
197.6250
198.0000
203.6250
199.5000
198.0000
199.1250
202.7500
202.1250
205.7500
221.3750
226.6250
216.1250
222.5000
222.8750
220.0000
218.8750
224.0000
204.7500
207.5000
213.7500
209.2500
200.1250
204.3750
205.1250
205.6250
217.0000
206.0000
196.3750
224.3750
214.6250
210.0000
213.3750
209.3750
204.1250
199.2500
195.8750
106.0625
107.4375
138.1250
152.7500
151.7500
146.2500
186.6250
 96.6250
 95.3750
151.8750
157.2500
157.2500
159.8750
161.6250
138.2500
106.6875
150.8750
183.0000
203.5000
199.8750
182.5000
183.2500
183.1250
186.5000
180.2500
183.2500
171.7500
188.3750
190.2500
194.3750
195.0000
194.3750
191.3750
190.8750
193.6250
191.6250
195.8750
210.5000
216.1250
199.8750
199.3750
194.2500
196.1250
190.0000
198.8750
171.3750
188.7500
182.6250
193.8750
171.7500
163.6250
171.0000
178.7500
179.2500
185.5000
221.7500
234.2500
215.0000
209.2500
209.0000
201.3750
197.2500
194.1250
191.6250
104.1250
109.4375
121.7500
145.5000
151.0000
150.2500
169.6250
135.5000
 83.3750
134.3750
157.7500
159.3750
159.2500
163.8750
157.6250
 93.5000
142.1250
174.1250
173.6250
169.3750
153.3750
160.2500
155.6250
160.8750
148.0000
163.3750
152.8750
186.5000
189.2500
192.2500
185.8750
186.3750
184.5000
181.7500
183.7500
185.0000
186.5000
190.1250
187.1250
153.2500
156.3750
151.7500
157.2500
152.1250
161.0000
174.0000
177.0000
170.5000
181.7500
163.1250
157.2500
165.0000
165.8750
174.3750
191.2500
221.0000
233.6250
211.6250
206.5000
202.0000
195.3750
192.3750
191.3750
188.7500
105.3125
112.2500
112.3750
130.7500
143.1250
147.0000
146.7500
166.7500
 85.1875
100.3750
160.0000
161.8750
161.3750
168.6250
173.5000
115.5000
125.3750
168.7500
131.3750
123.3750
123.5625
128.3750
100.4375
109.1250
144.6250
147.5000
158.7500
172.8750
179.7500
185.5000
187.0000
186.1250
182.8750
181.5000
181.7500
181.2500
180.1250
181.6250
181.8750
152.8750
154.8750
142.6250
145.6250
146.3750
152.3750
180.0000
184.0000
170.6250
146.2500
140.0000
141.8750
144.5000
144.0000
147.1250
183.0000
214.0000
229.7500
216.1250
202.3750
197.7500
193.8750
192.0000
190.7500
187.5000
102.2500
104.3125
108.1875
116.5625
138.2500
142.7500
145.5000
160.3750
111.9375
 82.5000
141.5000
162.5000
172.3750
176.5000
178.7500
147.2500
102.4375
177.6250
168.3750
141.0000
109.1875
118.2500
 97.0625
 98.8125
117.6875
139.8750
161.3750
176.3750
179.2500
183.3750
186.7500
184.7500
180.0000
178.6250
176.8750
177.3750
179.6250
183.8750
186.0000
141.3750
123.5625
124.7500
127.0000
127.8750
131.7500
179.7500
179.0000
159.6250
137.8750
133.3750
139.3750
142.8750
141.5000
139.2500
179.2500
211.1250
217.7500
225.1250
204.5000
199.1250
194.7500
193.0000
190.1250
188.8750
101.8750
101.8125
105.9375
109.7500
162.7500
206.2500
218.8750
218.3750
165.5000
 85.6875
132.6250
228.6250
235.6250
226.6250
217.6250
184.2500
 97.0000
178.8750
196.0000
156.6250
 93.1250
 84.1875
 82.6250
 81.9375
 85.5000
126.0625
153.5000
174.0000
172.0000
183.7500
186.3750
183.3750
180.5000
177.7500
178.5000
182.1250
185.2500
186.6250
183.8750
134.6250
115.8750
118.1250
120.1250
121.4375
125.3125
174.3750
173.0000
131.1250
130.0000
129.7500
131.3750
134.3750
137.1250
150.5000
195.3750
209.5000
213.1250
215.5000
204.8750
200.3750
196.1250
194.1250
191.1250
189.7500
103.3750
103.1875
106.5625
112.8750
159.1250
270.5000
270.7500
262.5000
211.0000
108.5000
 89.5625
207.8750
230.3750
228.0000
220.3750
208.3750
119.5625
138.2500
194.1250
158.0000
 85.2500
 81.2500
 81.7500
 82.0625
 83.0625
103.3750
132.7500
179.8750
180.0000
186.5000
192.2500
187.0000
183.2500
183.2500
183.1250
187.3750
191.6250
190.2500
180.5000
124.5000
113.5625
113.9375
116.1250
118.6250
136.3750
186.7500
167.2500
124.2500
124.1875
127.8125
130.1250
137.5000
145.6250
163.5000
186.6250
191.8750
178.5000
183.6250
205.7500
204.2500
199.6250
194.6250
191.8750
190.1250
102.6875
108.1250
111.3125
115.5625
123.0000
219.6250
278.0000
272.5000
247.6250
157.0000
 78.4375
145.3750
227.5000
226.1250
216.8750
212.6250
154.1250
101.9375
177.3750
139.3750
 87.2500
 80.3750
 81.5000
 84.5000
 88.5000
 93.4375
108.2500
175.2500
187.2500
192.1250
194.1250
192.1250
190.1250
191.3750
191.7500
193.3750
195.5000
194.3750
184.3750
127.5000
117.5000
117.8125
133.0000
151.2500
163.7500
175.5000
162.8750
146.5000
131.8750
130.0000
136.3750
147.5000
162.7500
167.5000
185.8750
190.3750
190.7500
192.3750
206.3750
206.2500
201.2500
196.2500
195.0000
190.8750
102.9375
108.8125
113.4375
118.2500
123.1875
155.6250
263.7500
264.0000
252.2500
199.6250
 94.6875
 93.7500
211.5000
218.7500
216.0000
213.2500
183.8750
 98.1875
150.6250
122.2500
110.2500
 89.4375
 91.0625
 94.0000
 94.5000
 93.4375
126.2500
189.7500
192.7500
198.7500
203.2500
203.1250
198.7500
198.6250
201.2500
197.8750
198.1250
199.6250
199.8750
153.2500
116.4375
128.7500
141.3750
161.0000
154.5000
180.2500
167.6250
193.2500
175.3750
168.6250
177.0000
185.1250
182.7500
174.7500
191.3750
194.8750
197.3750
211.3750
207.3750
205.0000
200.6250
197.6250
196.0000
192.3750
 91.8125
105.5625
115.7500
117.0000
124.8125
130.8750
205.3750
247.0000
244.1250
221.8750
143.3750
 83.1875
160.7500
206.0000
215.7500
214.0000
193.2500
129.7500
122.8125
122.4375
132.0000
108.7500
109.6875
118.8750
122.3125
133.2500
190.2500
210.7500
203.3750
210.3750
209.1250
210.1250
205.2500
207.0000
208.2500
203.0000
201.7500
205.6250
205.8750
175.3750
155.3750
181.7500
183.2500
184.0000
156.8750
192.3750
187.0000
197.6250
178.0000
184.6250
183.2500
180.6250
175.6250
162.5000
181.7500
183.3750
187.0000
208.8750
207.3750
204.7500
199.8750
194.8750
193.6250
192.2500
 83.0625
109.5000
121.5625
118.1875
123.9375
125.8125
149.8750
224.7500
230.0000
220.6250
183.6250
 96.1875
110.0625
221.2500
231.3750
184.6250
129.3750
136.7500
 99.6875
102.9375
126.6875
125.8750
150.6250
192.3750
187.2500
162.2500
209.0000
222.0000
214.7500
217.0000
216.3750
216.3750
212.2500
209.7500
211.8750
212.5000
210.8750
211.2500
209.8750
195.2500
170.7500
179.5000
181.1250
188.5000
150.8750
178.5000
189.0000
202.8750
186.7500
204.2500
196.7500
195.8750
203.0000
192.3750
196.8750
206.2500
213.7500
211.0000
212.0000
208.7500
207.5000
202.2500
195.6250
193.7500
 79.2500
100.4375
119.0625
122.5000
123.5625
116.0000
122.7500
168.5000
211.8750
221.0000
210.5000
142.0000
 83.5625
183.3750
238.6250
224.0000
199.3750
171.3750
107.6250
103.1875
126.8125
136.3750
177.6250
211.5000
215.0000
184.8750
202.5000
221.6250
223.1250
226.8750
224.5000
219.6250
218.1250
218.3750
215.8750
213.6250
211.2500
214.2500
208.8750
193.1250
165.3750
182.5000
190.5000
209.1250
188.1250
190.8750
191.5000
205.0000
211.7500
221.3750
222.3750
211.8750
216.6250
199.6250
202.7500
224.6250
227.3750
219.3750
218.3750
217.5000
218.7500
199.6250
193.6250
193.5000
 77.8750
 83.3750
113.3125
123.4375
125.6875
130.2500
131.2500
137.5000
171.2500
203.1250
208.1250
183.3750
 93.8750
126.6875
240.7500
240.6250
206.1250
165.7500
156.0000
110.4375
125.2500
136.0000
173.5000
210.6250
220.7500
217.2500
214.0000
229.2500
227.7500
228.2500
228.1250
223.3750
220.0000
221.8750
218.8750
219.5000
213.5000
208.8750
211.6250
216.1250
202.7500
212.8750
217.1250
224.0000
230.1250
223.1250
205.8750
216.1250
220.5000
224.6250
232.3750
232.3750
218.0000
210.6250
238.3750
283.7500
246.2500
227.2500
223.0000
222.3750
224.5000
210.3750
193.3750
193.3750
 77.2500
 80.5000
 93.7500
123.5625
128.3750
131.0000
129.8750
138.1250
154.8750
183.1250
201.2500
196.6250
133.3750
 91.2500
196.1250
215.8750
175.2500
157.8750
161.5000
170.2500
169.2500
173.1250
169.5000
183.0000
214.0000
221.8750
230.1250
233.6250
232.0000
230.8750
226.8750
225.1250
221.6250
222.5000
221.0000
218.7500
217.8750
219.0000
217.3750
219.5000
210.3750
222.0000
220.6250
221.3750
243.2500
233.0000
210.3750
214.0000
224.0000
222.2500
227.6250
235.5000
228.1250
224.6250
240.1250
238.3750
221.7500
238.5000
228.7500
227.8750
234.0000
218.1250
205.7500
193.3750
 82.3125
 80.8750
 81.4375
106.1250
120.1875
123.9375
126.4375
142.2500
173.0000
175.8750
192.1250
200.0000
172.3750
 93.5625
201.0000
253.7500
191.5000
196.5000
197.8750
204.1250
207.5000
213.3750
200.2500
210.2500
220.6250
218.5000
225.6250
231.7500
235.2500
233.5000
232.8750
232.1250
227.2500
225.7500
224.5000
222.5000
221.5000
223.5000
215.0000
227.0000
220.2500
228.0000
224.3750
209.7500
237.3750
222.8750
219.2500
213.7500
229.3750
222.1250
224.1250
241.6250
238.7500
245.5000
228.3750
220.3750
217.0000
239.1250
238.6250
232.5000
222.6250
219.8750
220.8750
192.8750
121.8125
 82.8750
 81.5625
 87.5000
118.6875
126.1875
134.7500
164.1250
179.2500
168.0000
193.8750
198.5000
193.5000
146.8750
235.8750
257.0000
214.3750
232.3750
221.3750
221.6250
231.0000
231.5000
213.7500
223.3750
224.0000
222.7500
225.7500
231.2500
233.6250
235.2500
235.0000
229.3750
229.7500
227.7500
224.2500
219.3750
211.6250
212.3750
206.5000
234.0000
225.3750
228.7500
231.7500
227.1250
289.5000
240.7500
218.5000
210.8750
231.0000
232.6250
229.5000
246.0000
249.5000
249.7500
236.5000
217.2500
219.3750
234.7500
245.6250
235.8750
221.3750
211.8750
218.0000
194.6250
201.6250
 95.7500
 82.3125
 83.5000
105.8125
136.5000
150.5000
154.3750
146.0000
173.3750
217.5000
193.6250
196.2500
202.0000
274.7500
288.0000
227.7500
245.0000
235.5000
237.5000
234.7500
248.6250
228.6250
230.3750
228.3750
230.2500
232.3750
233.6250
231.8750
234.5000
236.3750
229.3750
228.3750
225.1250
218.8750
212.6250
200.7500
197.7500
195.2500
232.0000
223.3750
232.8750
240.3750
239.2500
259.5000
236.6250
224.8750
223.0000
235.8750
231.6250
234.8750
247.3750
257.2500
242.1250
249.6250
228.7500
219.0000
224.3750
241.7500
238.3750
230.6250
198.1250
215.2500
206.6250
235.6250
175.3750
 85.8125
 85.0625
 86.8750
125.8125
149.0000
151.3750
152.6250
164.6250
205.3750
202.2500
185.7500
236.0000
257.7500
269.7500
263.7500
267.5000
250.0000
242.3750
238.8750
259.5000
240.3750
235.3750
234.2500
240.3750
239.0000
241.6250
236.5000
238.1250
236.1250
230.6250
228.0000
223.0000
219.7500
213.6250
204.0000
199.7500
197.6250
228.3750
228.2500
235.6250
239.6250
242.5000
248.5000
229.1250
226.3750
230.5000
233.0000
239.8750
229.5000
242.5000
260.5000
246.2500
247.8750
230.3750
223.2500
224.5000
239.6250
243.0000
237.1250
204.6250
204.2500
204.6250
257.7500
229.8750
125.8125
 85.7500
 84.0625
103.5625
193.5000
202.5000
184.2500
194.3750
214.8750
214.5000
189.1250
257.2500
266.0000
266.7500
272.0000
268.7500
250.6250
242.2500
243.8750
257.0000
247.6250
240.6250
197.5000
233.5000
235.8750
238.0000
234.6250
238.2500
237.1250
232.6250
230.3750
221.6250
219.0000
217.2500
207.3750
202.1250
197.3750
220.6250
234.6250
224.3750
234.0000
249.8750
246.6250
237.7500
229.0000
227.6250
232.6250
256.2500
241.5000
232.0000
250.0000
250.3750
238.3750
234.7500
224.7500
232.7500
242.2500
239.5000
227.8750
213.3750
180.0000
185.2500
265.2500
249.1250
206.3750
102.6250
 83.1875
 81.5625
183.3750
253.3750
255.7500
252.7500
246.8750
221.1250
206.5000
273.7500
271.5000
265.5000
274.2500
262.5000
249.3750
239.1250
242.2500
251.5000
247.5000
244.0000
207.2500
220.5000
228.8750
231.7500
223.8750
229.1250
231.7500
231.3750
229.5000
225.0000
220.5000
216.3750
207.7500
199.6250
196.1250
216.0000
242.1250
236.3750
240.2500
251.5000
251.8750
251.0000
227.7500
226.7500
231.3750
252.8750
249.0000
235.0000
249.0000
245.5000
233.2500
236.8750
219.7500
222.2500
228.5000
230.3750
223.0000
213.1250
180.0000
162.6250
257.2500
262.7500
236.7500
163.5000
 87.8125
 87.2500
110.1250
235.3750
257.5000
257.7500
248.6250
226.3750
226.0000
277.5000
267.7500
259.7500
271.7500
257.7500
239.8750
230.6250
240.2500
244.0000
237.3750
235.3750
219.7500
225.5000
230.3750
232.8750
226.7500
232.2500
233.8750
231.7500
229.7500
225.1250
219.6250
215.7500
209.0000
202.8750
200.1250
209.5000
242.0000
251.3750
246.0000
255.0000
260.2500
272.2500
235.6250
222.2500
223.5000
234.0000
233.0000
224.1250
216.0000
201.6250
193.5000
180.5000
175.3750
170.7500
159.2500
158.8750
166.3750
168.2500
168.0000
171.1250
261.5000
269.0000
254.7500
208.6250
120.7500
 90.4375
 90.0000
152.7500
255.0000
254.3750
241.2500
223.5000
237.6250
273.7500
280.7500
268.2500
260.0000
246.7500
228.1250
214.1250
230.8750
229.8750
213.5000
207.8750
206.6250
222.2500
223.6250
221.7500
228.6250
231.8750
234.1250
235.6250
234.8750
228.7500
223.2500
218.6250
210.5000
202.1250
202.3750
205.0000
239.0000
237.3750
220.8750
207.0000
198.3750
182.6250
167.5000
158.8750
154.5000
153.1250
135.5000
111.6875
101.3750
 94.5625
 91.0000
 89.1875
 88.2500
 88.1875
 87.1250
 89.1250
126.2500
175.2500
179.5000
171.3750
265.7500
271.2500
252.2500
222.1250
183.1250
 97.7500
 87.3750
 94.3750
206.8750
239.5000
228.1250
213.0000
245.1250
264.2500
262.0000
255.6250
233.1250
218.7500
192.3750
187.8750
204.6250
184.0000
174.8750
169.0000
174.8750
220.7500
225.5000
222.6250
233.0000
239.7500
236.5000
238.2500
238.7500
234.5000
229.3750
225.5000
216.6250
206.5000
202.3750
192.2500
168.6250
119.2500
 94.8125
 89.5000
 80.4375
 79.9375
 80.8125
 80.3125
 82.5625
115.4375
128.3750
103.2500
 84.3750
 78.6250
 80.7500
106.0000
122.5625
101.9375
 91.4375
 89.1250
 96.7500
147.0000
141.8750
143.8750
268.0000
263.5000
243.0000
218.2500
207.2500
145.0000
 85.1250
 84.5625
110.0000
201.3750
201.5000
195.6250
204.0000
197.7500
177.1250
172.6250
131.7500
114.2500
111.0625
107.6250
 88.0625
 83.8750
 88.6875
102.1250
128.7500
224.5000
234.8750
229.6250
238.7500
246.2500
242.1250
246.5000
244.3750
241.0000
237.2500
230.1250
222.5000
212.1250
207.5000
192.7500
175.8750
109.8125
 91.1875
130.8750
122.3750
103.4375
 98.7500
100.9375
110.5000
128.6250
126.5000
 89.5000
 84.5625
 80.6250
 78.6875
 85.7500
 86.6250
 94.1875
 99.5625
100.4375
100.0625
117.8750
131.6250
178.0000
249.3750
251.2500
227.5000
218.3750
211.7500
174.8750
101.4375
 77.2500
 80.7500
116.3750
168.3750
180.8750
191.3750
175.6250
135.1250
148.0000
 87.8750
 69.7500
 68.0000
 68.8750
 85.3750
 82.2500
 68.5625
 90.9375
 99.2500
204.2500
240.8750
237.8750
243.0000
248.5000
245.7500
247.7500
250.6250
249.1250
244.6250
238.5000
229.8750
218.3750
211.1250
199.6250
180.0000
107.3750
 84.3750
 90.0625
 94.5625
105.0625
113.3750
113.8750
102.9375
 95.3125
109.6250
 89.3125
 86.2500
 83.1250
 80.7500
 85.8750
 85.2500
 82.3125
 86.3125
 88.8125
 89.6250
 99.5000
165.1250
188.7500
223.2500
214.3750
200.6250
201.6250
180.1250
165.7500
139.3750
 83.8750
 71.7500
 75.6875
153.5000
186.3750
196.1250
152.7500
122.6250
132.6250
 81.1875
 73.9375
 78.9375
 86.5000
 81.5625
 73.0625
 67.8750
 89.6250
 96.8750
191.0000
243.0000
241.7500
243.3750
249.7500
252.1250
256.7500
258.0000
255.8750
250.0000
245.2500
236.7500
225.0000
219.1250
207.5000
190.8750
136.6250
 91.1875
 91.5000
 88.0625
 85.2500
 83.8750
 87.8750
 90.5000
 94.3750
134.0000
120.8125
 91.1250
 86.3750
 85.6250
 85.6875
 86.5000
 87.7500
 89.1250
 90.7500
 90.1875
111.5625
182.5000
199.0000
231.3750
237.6250
217.1250
206.1250
189.2500
176.7500
159.6250
125.5000
 69.8125
 71.3125
104.1875
189.0000
207.0000
170.2500
113.4375
100.2500
 82.0625
 80.7500
 76.5000
 71.6875
 72.8125
 76.3125
 70.1875
 93.8125
118.1250
228.5000
253.6250
241.3750
253.3750
258.7500
259.2500
263.7500
265.0000
259.7500
254.3750
252.1250
246.6250
237.7500
227.3750
215.5000
203.1250
188.8750
115.2500
 92.1250
 89.5000
 87.6875
 86.5625
 87.8125
 89.5625
102.4375
165.8750
166.3750
147.8750
119.1875
 96.5625
 98.8125
 95.2500
 93.6250
 97.2500
 99.6250
113.5625
182.2500
207.1250
220.5000
231.0000
223.6250
208.6250
201.0000
202.1250
196.2500
180.5000
167.5000
101.0625
 69.0625
 69.5000
148.8750
209.2500
164.5000
159.7500
108.9375
 77.3125
 74.9375
 73.5000
 73.5625
 74.0000
 74.5000
 78.6875
108.1250
179.1250
246.6250
255.8750
243.6250
254.2500
260.7500
267.5000
269.2500
267.0000
266.2500
262.2500
259.5000
253.0000
249.0000
243.8750
234.6250
221.2500
205.3750
189.0000
119.5000
119.0625
112.3750
112.0000
124.0000
135.3750
169.8750
213.3750
206.2500
188.1250
154.5000
111.3125
135.0000
137.8750
134.6250
142.5000
144.0000
135.7500
198.8750
215.0000
227.0000
250.8750
237.2500
206.3750
203.1250
213.6250
222.6250
209.8750
214.2500
165.2500
 85.9375
 70.1875
 89.3125
191.1250
157.1250
178.0000
117.5000
 81.1250
 75.2500
 76.2500
 75.8750
 81.3750
105.9375
115.3750
218.1250
248.1250
258.5000
255.0000
249.0000
260.5000
262.5000
272.0000
275.2500
274.2500
271.0000
270.7500
268.5000
265.7500
266.7500
266.7500
257.0000
243.8750
217.2500
207.8750
146.8750
177.3750
175.8750
170.5000
180.6250
187.2500
173.8750
223.6250
223.2500
206.0000
172.2500
124.6875
143.2500
141.6250
142.8750
151.2500
153.6250
145.0000
201.1250
216.3750
223.1250
225.8750
270.0000
236.2500
211.6250
219.2500
205.6250
184.6250
214.0000
215.6250
154.2500
 76.5000
 75.6875
129.0000
169.7500
186.5000
 99.2500
 99.6875
 95.1875
145.0000
171.1250
196.6250
212.0000
152.2500
238.6250
253.5000
260.2500
260.7500
251.8750
264.2500
270.7500
275.0000
277.5000
278.2500
276.5000
279.2500
279.2500
273.7500
274.0000
275.5000
265.2500
249.1250
223.5000
212.0000
153.1250
187.0000
186.1250
179.5000
181.0000
196.0000
174.6250
230.5000
234.3750
224.2500
192.6250
136.7500
151.6250
154.3750
160.7500
162.6250
159.8750
154.6250
209.0000
214.6250
219.0000
230.1250
320.0000
284.7500
194.5000
202.3750
216.1250
218.3750
244.0000
251.1250
202.8750
114.1875
 78.1875
 84.7500
164.1250
181.0000
 90.6250
112.6875
110.8125
180.1250
210.1250
221.1250
227.0000
202.0000
215.8750
256.2500
260.7500
259.2500
254.6250
270.2500
279.2500
283.2500
284.7500
283.5000
281.7500
281.7500
284.5000
280.5000
280.2500
280.5000
268.2500
254.3750
238.8750
224.7500
162.6250
200.7500
199.5000
199.7500
198.8750
208.0000
181.0000
242.5000
244.3750
241.8750
201.7500
175.0000
205.8750
205.6250
206.0000
202.8750
182.1250
164.3750
214.5000
223.5000
233.1250
255.5000
305.0000
265.0000
171.3750
184.5000
212.8750
225.0000
231.5000
235.8750
231.2500
172.3750
 93.8125
 78.5000
109.7500
155.8750
 90.8125
123.2500
119.4375
180.2500
212.1250
219.5000
227.0000
230.3750
189.1250
257.0000
261.7500
266.7500
263.0000
274.2500
276.0000
282.7500
288.7500
286.2500
287.2500
284.7500
286.7500
283.2500
283.2500
287.0000
279.5000
271.0000
268.0000
245.2500
180.0000
224.0000
222.7500
230.6250
241.5000
238.0000
189.1250
247.0000
247.2500
249.6250
206.3750
210.0000
240.3750
242.7500
244.3750
239.2500
227.7500
205.5000
236.1250
237.6250
240.3750
290.7500
304.5000
237.6250
175.0000
186.5000
211.1250
230.5000
227.7500
227.6250
229.8750
219.8750
143.2500
 80.4375
 77.8125
104.5625
111.2500
144.0000
145.1250
187.3750
228.6250
231.7500
232.7500
226.2500
190.2500
237.3750
275.2500
276.0000
265.0000
280.0000
283.2500
285.7500
290.0000
289.0000
290.7500
290.5000
290.0000
287.5000
284.0000
289.0000
286.0000
284.2500
281.7500
276.2500
239.3750
262.5000
261.5000
269.5000
266.7500
268.0000
265.5000
265.0000
262.5000
261.7500
257.7500
243.8750
254.7500
254.0000
251.0000
250.7500
251.6250
247.1250
235.7500
219.1250
218.6250
319.5000
314.2500
207.1250
181.7500
196.5000
213.0000
225.2500
223.6250
223.3750
225.6250
242.5000
208.1250
109.0000
 78.0625
 79.5000
151.0000
167.2500
162.1250
169.5000
220.3750
231.3750
239.5000
246.7500
245.1250
257.0000
277.0000
277.5000
270.5000
283.5000
289.5000
289.7500
288.7500
295.2500
299.2500
301.5000
299.5000
295.2500
292.7500
291.5000
290.5000
291.0000
290.2500
292.0000
291.5000
255.5000
213.0000
186.6250
171.5000
170.0000
180.3750
197.5000
213.8750
240.5000
271.7500
257.0000
259.7500
259.0000
256.5000
244.2500
183.7500
136.8750
115.0000
110.6875
120.3125
315.5000
311.0000
184.0000
190.6250
191.2500
213.6250
235.8750
240.2500
239.1250
246.0000
254.7500
239.0000
155.0000
 87.9375
 80.5000
180.8750
168.2500
182.5000
207.1250
227.6250
241.8750
247.6250
256.7500
265.0000
270.0000
276.0000
274.5000
280.0000
290.2500
293.7500
298.7500
300.2500
297.5000
299.0000
304.7500
308.5000
303.2500
300.7500
300.7500
296.5000
295.5000
295.0000
291.5000
206.0000
116.1875
145.3750
179.0000
211.6250
217.0000
200.3750
202.7500
154.1250
127.8125
173.3750
265.0000
265.7500
267.2500
246.2500
140.1250
126.6250
168.3750
212.5000
207.5000
213.7500
317.0000
251.2500
181.5000
198.5000
175.8750
176.1250
214.7500
240.5000
245.8750
255.6250
260.5000
236.3750
195.6250
133.1250
 93.8125
148.6250
133.3750
150.7500
181.7500
221.8750
248.1250
258.7500
267.5000
276.0000
277.7500
285.0000
279.2500
284.7500
293.2500
298.0000
302.5000
306.0000
306.2500
305.2500
305.7500
307.5000
303.2500
302.7500
303.7500
301.7500
294.0000
298.5000
280.7500
175.5000
252.2500
251.0000
245.8750
265.5000
264.2500
240.6250
266.7500
257.7500
231.3750
225.2500
272.7500
275.0000
270.7500
205.2500
190.2500
212.7500
210.5000
226.2500
221.6250
200.6250
315.5000
202.6250
187.6250
215.5000
189.0000
198.6250
207.3750
201.2500
251.6250
259.5000
259.7500
185.2500
119.3125
104.8125
 97.8750
129.5000
123.1875
124.2500
126.9375
130.0000
219.3750
264.7500
274.5000
282.2500
285.5000
289.7500
282.0000
292.5000
299.0000
304.0000
301.5000
300.5000
306.0000
308.2500
309.7500
310.2500
304.2500
305.2500
304.7500
303.0000
298.0000
303.2500
296.2500
268.7500
272.2500
242.5000
241.1250
259.2500
264.7500
231.0000
243.0000
273.2500
235.8750
278.7500
280.7500
278.5000
271.5000
259.7500
224.0000
212.0000
202.1250
205.6250
229.2500
202.1250
220.6250
183.6250
204.8750
220.2500
195.6250
211.5000
235.1250
239.8750
197.1250
239.5000
235.1250
119.5625
158.1250
179.5000
161.2500
164.1250
161.8750
186.5000
203.0000
195.1250
177.6250
268.0000
275.2500
282.7500
285.5000
286.5000
282.7500
296.0000
302.5000
303.5000
300.5000
300.2500
305.2500
308.5000
309.5000
308.0000
306.7500
304.2500
302.5000
303.0000
305.0000
305.2500
299.7500
282.7500
253.8750
232.2500
238.3750
250.5000
261.0000
230.5000
225.6250
267.0000
238.6250
284.7500
290.2500
286.0000
279.0000
261.7500
215.2500
208.1250
200.2500
193.0000
214.6250
222.6250
181.3750
182.5000
219.3750
200.1250
203.7500
227.7500
245.1250
263.0000
251.5000
224.0000
246.0000
209.5000
206.7500
194.0000
188.1250
164.2500
185.7500
196.5000
196.0000
205.6250
225.2500
272.2500
277.0000
283.2500
287.7500
289.2500
286.7500
298.0000
303.2500
304.5000
301.2500
302.7500
307.0000
308.2500
307.2500
306.7500
305.5000
302.0000
304.7500
306.5000
306.5000
307.0000
301.7500
295.7500
238.0000
229.2500
235.3750
238.2500
246.7500
239.7500
227.5000
236.0000
264.2500
284.2500
291.2500
287.7500
280.0000
260.2500
202.3750
204.3750
189.8750
172.8750
177.0000
209.1250
159.0000
172.7500
249.6250
199.8750
207.6250
244.0000
265.0000
279.0000
272.7500
260.7500
237.7500
216.0000
240.0000
140.5000
171.6250
169.6250
196.7500
190.3750
193.5000
204.8750
215.5000
274.7500
279.7500
285.0000
285.7500
288.5000
287.0000
293.5000
296.5000
302.0000
304.5000
306.7500
307.0000
305.0000
303.0000
306.5000
303.7500
303.2500
306.7500
307.5000
306.7500
310.2500
309.5000
306.0000
226.8750
189.6250
175.3750
174.0000
180.0000
188.5000
196.5000
222.3750
290.0000
296.5000
299.5000
299.2500
292.2500
303.0000
234.5000
195.7500
174.8750
186.2500
184.5000
185.5000
151.8750
163.8750
262.2500
201.6250
215.3750
254.2500
276.0000
285.2500
276.0000
269.7500
229.7500
210.7500
296.5000
134.6250
223.5000
159.1250
177.2500
192.8750
192.2500
199.3750
206.5000
273.2500
283.7500
282.5000
286.5000
288.5000
277.2500
290.5000
299.5000
302.0000
306.0000
305.0000
304.2500
303.2500
300.7500
303.2500
300.0000
298.0000
304.0000
305.7500
308.5000
347.0000
364.0000
354.2500
355.2500
363.2500
353.5000
343.0000
360.5000
363.2500
336.5000
330.5000
365.7500
375.7500
383.2500
383.5000
382.2500
383.5000
323.2500
280.5000
252.8750
263.2500
266.7500
267.5000
150.7500
211.3750
208.8750
193.3750
222.2500
249.7500
264.2500
272.2500
275.2500
268.0000
219.5000
196.2500
223.7500
148.7500
173.0000
133.1250
131.1250
119.5625
112.0625
122.7500
151.0000
248.7500
286.7500
280.7500
282.0000
284.2500
274.5000
289.7500
295.5000
298.0000
300.7500
299.0000
299.7500
299.0000
296.2500
299.2500
299.2500
297.5000
301.5000
304.2500
309.2500
363.7500
382.7500
356.2500
363.7500
378.2500
375.5000
367.2500
376.2500
378.5000
364.5000
348.2500
379.2500
397.2500
396.2500
397.2500
380.0000
373.2500
341.5000
285.5000
256.7500
262.0000
286.0000
251.2500
 93.8750
127.1250
147.5000
171.7500
226.7500
244.3750
251.0000
253.3750
308.7500
309.5000
287.5000
288.7500
273.0000
275.2500
282.0000
268.5000
271.0000
277.0000
285.2500
305.5000
326.2500
345.7500
313.2500
275.2500
278.5000
279.2500
276.0000
288.2500
290.5000
293.2500
299.0000
296.7500
295.2500
295.2500
295.2500
297.0000
298.5000
298.7500
301.2500
301.0000
303.5000
366.5000
405.0000
380.5000
379.5000
389.0000
394.0000
387.5000
391.7500
394.2500
399.0000
378.5000
389.2500
413.5000
409.5000
395.7500
371.7500
358.0000
357.5000
293.2500
270.7500
263.7500
292.5000
271.2500
 92.1875
 95.3125
139.0000
205.8750
236.0000
256.0000
267.0000
278.0000
353.2500
347.2500
338.7500
335.0000
308.0000
311.2500
329.2500
310.5000
298.2500
302.7500
308.2500
316.2500
339.0000
350.0000
294.7500
260.2500
266.0000
270.2500
273.5000
280.5000
289.0000
294.5000
293.0000
291.5000
289.7500
290.2500
291.7500
293.5000
295.7500
294.7500
299.0000
300.7500
302.0000
356.0000
420.2500
411.0000
407.7500
410.5000
412.0000
402.2500
402.7500
408.0000
413.5000
401.5000
395.5000
412.5000
408.5000
391.2500
360.5000
358.0000
359.7500
311.7500
285.7500
266.2500
287.7500
283.7500
 95.6875
 98.1250
100.9375
131.3750
218.0000
255.0000
276.5000
303.0000
355.0000
345.5000
338.7500
325.2500
313.2500
318.2500
330.0000
304.7500
306.0000
310.7500
319.7500
329.0000
348.2500
357.0000
272.5000
199.3750
259.2500
272.5000
272.2500
274.5000
286.7500
289.7500
288.7500
283.7500
291.2500
294.5000
292.0000
290.2500
293.0000
296.7500
300.7500
303.2500
300.7500
343.7500
423.5000
427.2500
426.5000
428.5000
431.5000
426.2500
419.2500
398.7500
407.7500
409.0000
401.0000
405.5000
396.7500
386.5000
371.2500
366.2500
351.0000
320.2500
300.7500
279.7500
283.7500
282.5000
100.2500
 97.7500
 98.2500
 93.8125
107.5000
194.6250
265.7500
315.5000
345.5000
341.5000
336.0000
320.2500
322.0000
323.2500
320.2500
310.2500
319.2500
312.2500
326.0000
338.0000
357.5000
358.0000
279.0000
262.5000
267.7500
263.2500
272.5000
266.7500
278.0000
275.7500
278.5000
286.0000
295.7500
296.7500
293.5000
293.0000
297.5000
301.2500
304.7500
304.7500
298.2500
330.7500
419.7500
431.7500
437.7500
439.5000
441.5000
442.5000
429.2500
415.7500
406.7500
409.0000
405.5000
392.2500
395.0000
397.0000
375.7500
368.5000
336.7500
326.2500
308.7500
285.2500
281.2500
284.2500
101.1875
100.6250
 96.1250
 88.1875
 84.3750
100.3125
183.3750
308.0000
329.0000
336.7500
328.5000
310.5000
316.7500
325.7500
316.2500
308.2500
313.2500
314.7500
329.7500
342.7500
356.7500
351.5000
272.0000
266.0000
268.0000
253.7500
261.5000
262.0000
266.7500
264.0000
274.0000
284.2500
291.0000
292.2500
291.2500
295.7500
299.2500
304.0000
311.2500
314.2500
305.5000
323.7500
415.5000
422.2500
435.7500
431.2500
434.7500
437.0000
426.2500
424.7500
419.2500
397.0000
393.2500
386.2500
393.5000
401.5000
382.7500
369.5000
337.5000
335.5000
322.0000
301.5000
280.5000
286.2500
113.2500
102.7500
 96.4375
 84.5625
 81.4375
 84.6250
124.5000
275.2500
301.7500
315.0000
315.0000
305.5000
307.2500
320.7500
313.7500
305.2500
314.2500
314.7500
329.7500
343.2500
352.0000
343.2500
258.2500
253.3750
259.7500
252.1250
250.0000
252.5000
257.2500
263.7500
271.7500
280.5000
285.0000
285.5000
290.2500
295.0000
297.5000
301.5000
317.5000
338.7500
329.5000
328.0000
409.2500
402.7500
422.7500
419.7500
416.5000
411.5000
399.5000
399.7500
393.2500
313.2500
271.7500
327.5000
392.0000
407.0000
391.5000
370.5000
344.5000
333.5000
327.5000
308.5000
286.0000
287.0000
215.0000
127.4375
 93.8750
 81.0625
 79.5000
 82.1250
137.0000
242.1250
277.5000
301.2500
294.0000
292.7500
298.7500
311.7500
305.5000
304.2500
314.0000
315.5000
329.7500
344.0000
345.2500
330.7500
250.2500
250.3750
254.1250
249.5000
246.6250
244.3750
251.1250
259.7500
270.7500
272.5000
274.0000
282.5000
287.7500
290.2500
294.2500
301.2500
325.7500
377.0000
366.2500
342.7500
402.7500
402.5000
405.7500
403.0000
408.7500
400.2500
381.2500
385.5000
356.5000
284.0000
244.8750
316.7500
386.0000
399.0000
393.7500
376.0000
355.5000
317.2500
333.0000
312.5000
282.5000
285.5000
290.7500
240.7500
148.6250
 91.3750
 81.5625
 91.6875
151.1250
163.2500
217.7500
286.0000
271.5000
276.7500
288.7500
297.2500
292.7500
302.0000
305.7500
312.7500
331.0000
341.2500
342.0000
318.0000
247.2500
251.6250
252.0000
249.6250
244.8750
240.1250
248.8750
255.5000
266.0000
260.0000
261.7500
277.5000
281.5000
285.2500
292.2500
303.0000
322.0000
355.0000
388.2500
359.7500
397.2500
390.0000
382.5000
384.0000
390.0000
385.7500
368.7500
371.7500
326.0000
267.2500
283.2500
359.7500
362.7500
385.0000
384.5000
371.5000
356.0000
308.0000
332.5000
313.7500
291.0000
291.5000
315.0000
301.2500
279.5000
180.7500
 95.6250
115.3125
174.1250
155.6250
215.3750
269.2500
257.0000
265.5000
284.7500
288.2500
287.7500
298.5000
303.2500
313.5000
328.2500
336.0000
338.2500
300.7500
238.5000
247.2500
248.8750
248.6250
241.3750
240.0000
248.3750
256.0000
261.5000
252.6250
261.7500
276.2500
279.2500
282.2500
291.2500
297.7500
312.0000
329.2500
344.7500
357.7500
377.7500
373.2500
363.7500
369.5000
371.7500
367.7500
355.2500
346.0000
299.2500
291.7500
316.2500
340.5000
343.5000
376.7500
375.0000
364.5000
343.7500
303.7500
322.7500
308.0000
295.5000
286.7500
319.2500
322.2500
320.5000
286.7500
207.6250
153.3750
265.2500
204.2500
269.5000
271.0000
253.8750
263.0000
285.0000
283.2500
285.2500
296.7500
304.2500
313.2500
326.7500
330.5000
333.5000
267.0000
178.6250
237.3750
240.0000
246.0000
236.0000
242.3750
255.0000
261.7500
262.5000
252.8750
260.0000
269.5000
272.2500
276.0000
282.7500
287.5000
295.7500
302.5000
307.7500
311.2500
354.7500
357.7500
346.7500
354.7500
354.2500
352.5000
338.7500
324.2500
279.0000
251.6250
281.0000
304.2500
325.0000
347.5000
357.7500
336.5000
332.0000
305.2500
300.5000
303.7500
295.7500
277.2500
321.2500
308.7500
287.0000
274.7500
266.7500
267.5000
300.2500
282.0000
278.5000
271.0000
263.7500
267.0000
282.0000
286.7500
289.0000
292.0000
298.0000
307.5000
326.7500
323.7500
329.7500
234.6250
125.1875
205.2500
229.5000
246.5000
233.0000
239.2500
251.0000
257.0000
260.0000
253.7500
253.8750
263.7500
271.0000
271.5000
277.5000
280.2500
284.0000
285.5000
286.2500
273.2500
331.7500
350.5000
340.0000
343.5000
338.5000
336.5000
326.2500
316.2500
294.7500
280.2500
293.5000
300.0000
312.2500
341.2500
337.2500
318.2500
317.2500
302.7500
270.5000
289.2500
286.2500
276.2500
