-1.7049815679081294e-05 0.00302041134719793
-0.00014676242948697703 0.0033396083712715426
-0.00022905209929432202 0.0036738797903152496
-0.00028503616353270025 0.0036384556782866075
-0.00042731447007327006 0.00364594777393432
-0.0005597953352574993 0.0037348439260969056
-0.0006412808483394027 0.0038165454468761175
-0.0006773971923883857 0.003462562755643744
-0.0005411505981271602 0.002936492126023565
-0.0004278391946190123 0.002552956409423884
-0.000607291858307399 0.0022287822937018887
-0.0007967100793130463 0.0019006469501514599
-0.0009624412286943705 0.001507334259218851
-0.0010987639494294728 0.001163650729940221
-0.0012556477506792546 0.0007349141059658466
-0.0014509553740674837 0.00024000270081894716
-0.0016015738121388688 -0.0004254301893987225
-0.0016442430396094866 -0.0009071688536651506
-0.0014689600304884848 -0.001278219083902544
-0.0014095566722332911 -0.001723795209138993
-0.0015865052369113423 -0.0026107290737577126
-0.0016184365359059973 -0.0032734752035214415
-0.0017454881517971023 -0.0038098043763835237
-0.0019686126229448045 -0.0044095364222322625
-0.0018920392992185953 -0.004530858923684578
-0.0015142415006218575 -0.004745790085367984
-0.0013479179672629801 -0.006043687608521745
-0.0011635227211102643 -0.007379003875981793
-0.0010576825909455378 -0.00837515036507214
-0.0011017503373295767 -0.008826776627952664
-0.0010716971318358375 -0.00898848470102306
-0.0012257931925817572 -0.009002340419773157
-0.00149913635980808 -0.009082497963614655
-0.0017821384906850514 -0.009548722481905804
-0.001991695005048436 -0.010236702493309097
-0.0021639108766241684 -0.010352825457448488
-0.0023038319370768407 -0.010132360560461306
-0.002326677434715608 -0.009862004974722647
-0.0024165270637791555 -0.009784096572772027
-0.0026206245029064016 -0.010053348367428218
-0.002823841257710368 -0.010560750994703156
-0.002844483132104887 -0.010950702779406967
-0.002761688379163948 -0.011307815276534081
-0.0026474068276246938 -0.011938386312728583
-0.002511822782695652 -0.012771262745193851
-0.002322617381336246 -0.013487509262183896
-0.002072628975359145 -0.013839330372642367
-0.00172307811372773 -0.01421671768453402
-0.0011828144260317248 -0.014768470649365694
-0.0005974187210085802 -0.015309036855335132
-0.0005827872315421701 -0.016104845490637953
-0.0009330836901566587 -0.016889489158235776
-0.0010746553659443565 -0.016922714997557566
-0.0010783060123615612 -0.016836675645026843
-0.001112453048251784 -0.016639560797809212
-0.001304119866500304 -0.01636264586082129
-0.0015889110743815902 -0.015954326540752215
-0.0018131982518263192 -0.015406567097614662
-0.0018238669046520674 -0.014664918749398426
-0.0017085174482347682 -0.013773663830327748
-0.0015149456654398818 -0.012865870572655834
-0.0014085699820533101 -0.01204586904531285
-0.0013601419520052963 -0.010962137448987837
-0.001532574981787659 -0.009550029414432396
